# pair
86.752	0.415	86.757	3.775	6.067	-3.333	-6.1829	1.298       1.588      1.317      -3.493      6.728      7.679      -5.9639	1542.6661266033338507  -371411.73570354329422
86.756	0.421	86.754	3.544	6.418	-3.843	-6.1628	1.296       1.594      1.326      -0.586      4.373      9.083      -5.9518	1541.213498337005376  -371411.43172317027347
86.760	0.428	86.750	3.297	6.781	-4.348	-6.1426	1.297       1.597      1.336      2.463      1.858      10.215      -5.9486	1539.106897047210623  -371410.87828079768224
86.763	0.435	86.745	3.048	7.183	-4.783	-6.1240	1.301       1.598      1.346      5.573      -0.750      11.081      -5.9553	1537.4774977980275708  -371410.47449627076276
86.766	0.442	86.740	2.806	7.816	-4.924	-6.1071	1.308       1.596      1.358      8.657      -3.369      11.698      -5.9715	1536.8542921879284222  -371410.8442715848214
86.768	0.450	86.735	2.582	8.860	-4.569	-6.0899	1.318       1.591      1.370      11.629      -5.914      12.088      -5.9961	1537.0593008974340137  -371410.37667055340717
86.771	0.460	86.731	2.385	10.206	-3.800	-6.0754	1.331       1.584      1.382      14.402      -8.289      12.275      -6.0266	1538.1365823063968037  -371410.1125893049757
86.773	0.471	86.728	2.233	11.622	-2.815	-6.0654	1.347       1.574      1.394      16.895      -10.402      12.282      -6.0600	1539.8485359426149444  -371410.54277518566232
86.775	0.483	86.725	2.144	12.865	-1.818	-6.0592	1.365       1.563      1.406      19.031      -12.164      12.127      -6.0925	1541.526744206790454  -371410.83147095877212
86.777	0.497	86.724	2.129	13.698	-1.007	-6.0530	1.385       1.550      1.418      20.741      -13.499      11.822      -6.1200	1542.4791424673248912  -371410.57342019560747
86.780	0.511	86.723	2.330	13.751	-0.582	-6.0409	1.406       1.536      1.430      21.970      -14.345      11.366      -6.1385	1542.4458864976747918  -371410.05944915651344
86.782	0.524	86.723	2.774	12.777	-0.530	-6.0184	1.429       1.521      1.441      22.679      -14.659      10.751      -6.1433	1541.9502720001403304  -371409.56764398043742
86.785	0.536	86.722	3.227	10.907	-0.602	-5.9890	1.452       1.507      1.452      22.841      -14.420      9.968      -6.1280	1541.5845531265201771  -371409.09996051539201
86.789	0.546	86.722	3.594	8.266	-0.521	-5.9574	1.474       1.492      1.461      22.438      -13.632      9.008      -6.0942	1541.7607456686732803  -371408.75699148327112
86.792	0.553	86.721	3.799	5.054	-0.047	-5.9274	1.497       1.479      1.470      21.467      -12.320      7.853      -6.0445	1542.5229227748734502  -371408.67645836027805
86.796	0.556	86.721	3.646	1.664	0.896	-5.9018	1.517       1.468      1.477      19.943      -10.533      6.486      -5.9890	1543.3781152380879576  -371408.88762908620993
86.800	0.556	86.723	3.113	-1.509	2.136	-5.8861	1.536       1.458      1.483      17.917      -8.351      4.908      -5.9457	1543.8890452777870905  -371408.61566770478385
86.802	0.553	86.726	2.369	-4.073	3.366	-5.8816	1.553       1.451      1.487      15.479      -5.883      3.148      -5.9252	1543.867898676672894  -371407.97442019800656
86.804	0.548	86.730	1.613	-5.842	4.421	-5.8861	1.567       1.446      1.489      12.743      -3.260      1.267      -5.9233	1543.5665112470314853  -371407.37798603257397
86.806	0.541	86.735	1.172	-6.936	5.278	-5.8989	1.579       1.445      1.489      9.823      -0.625      -0.648      -5.9264	1543.3985624598344657  -371406.96090131276287
86.807	0.534	86.740	1.179	-7.722	5.838	-5.9201	1.587       1.445      1.488      6.817      1.893      -2.501      -5.9368	1543.2620132717897832  -371406.5620228969492
86.808	0.526	86.746	1.614	-8.451	5.938	-5.9461	1.592       1.448      1.484      3.823      4.178      -4.205      -5.9596	1543.091184029749229  -371406.34566017700126
86.810	0.517	86.752	2.243	-9.106	5.793	-5.9701	1.595       1.454      1.479      0.925      6.143      -5.689      -5.9882	1542.8079296254229575  -371405.78407416742994
86.812	0.508	86.758	2.636	-9.639	5.818	-5.9935	1.594       1.461      1.473      -1.812      7.723      -6.902      -6.0186	1542.6076413860055254  -371404.99201219982933
86.815	0.498	86.764	2.809	-10.029	5.978	-6.0165	1.591       1.469      1.465      -4.342      8.885      -7.821      -6.0490	1542.7530552815376268  -371404.94371483748546
86.818	0.488	86.770	2.945	-10.280	6.152	-6.0379	1.585       1.478      1.457      -6.635      9.618      -8.443      -6.0763	1542.9522667063451991  -371404.58655574411387
86.821	0.477	86.776	3.139	-10.477	6.353	-6.0555	1.578       1.488      1.448      -8.671      9.932      -8.776      -6.0962	1542.8807954349199463  -371404.19387231091969
86.824	0.467	86.783	3.424	-10.706	6.537	-6.0681	1.568       1.498      1.440      -10.431      9.846      -8.839      -6.1070	1542.7032967327293136  -371403.32474077219376
86.828	0.456	86.789	3.746	-10.970	6.658	-6.0757	1.557       1.508      1.431      -11.893      9.389      -8.651      -6.1099	1542.7120486646053905  -371403.48227934195893
86.832	0.445	86.796	4.047	-11.236	6.697	-6.0785	1.544       1.517      1.422      -13.038      8.601      -8.230      -6.1088	1542.9368826146919673  -371402.42575084435521
86.836	0.433	86.803	4.154	-11.316	6.659	-6.0763	1.531       1.525      1.414      -13.843      7.521      -7.594      -6.0980	1543.5204123731746222  -371402.17150973592652
86.840	0.422	86.809	3.756	-10.837	6.581	-6.0658	1.517       1.532      1.407      -14.288      6.198      -6.758      -6.0801	1544.1111673597235949  -371402.20161018660292
86.844	0.412	86.816	2.772	-9.649	6.502	-6.0508	1.502       1.538      1.401      -14.371      4.708      -5.745      -6.0658	1544.1085318923298928  -371402.02360032784054
86.846	0.403	86.822	1.384	-7.857	6.394	-6.0379	1.488       1.541      1.396      -14.106      3.148      -4.586      -6.0638	1542.9768141528240903  -371401.61465688090539
86.846	0.396	86.828	-0.221	-5.666	6.248	-6.0323	1.474       1.544      1.392      -13.521      1.621      -3.315      -6.0760	1540.84042089348236  -371399.62938837398542
86.845	0.391	86.835	-2.019	-3.490	5.893	-6.0351	1.461       1.545      1.389      -12.651      0.214      -1.973      -6.0918	1538.6716447233632152  -371399.15613289718749
86.842	0.389	86.840	-4.028	-1.681	4.997	-6.0391	1.449       1.544      1.388      -11.541      -1.000      -0.603      -6.0847	1536.9285899497710943  -371398.74002790381201
86.837	0.388	86.845	-5.713	-0.209	3.552	-6.0359	1.438       1.543      1.388      -10.247      -1.963      0.753      -6.0593	1535.5487091137852076  -371397.97760421002749
86.831	0.389	86.847	-6.788	1.244	1.785	-6.0263	1.428       1.540      1.389      -8.825      -2.635      2.057      -6.0301	1534.6603237337981227  -371397.5122637010063
86.824	0.391	86.848	-7.527	2.839	-0.125	-6.0215	1.420       1.537      1.392      -7.328      -3.016      3.277      -6.0078	1534.5762711700519958  -371396.95786547253374
86.816	0.394	86.847	-8.042	4.462	-2.049	-6.0239	1.414       1.534      1.396      -5.801      -3.140      4.385      -5.9970	1535.2080403751356243  -371396.1274021222489
86.808	0.399	86.844	-8.391	5.953	-3.888	-6.0321	1.409       1.531      1.401      -4.292      -3.063      5.354      -5.9996	1536.3271340114156374  -371395.37403411621926
86.799	0.406	86.839	-8.620	7.167	-5.553	-6.0424	1.405       1.528      1.406      -2.843      -2.843      6.165      -6.0181	1537.8260576864913673  -371395.17725307412911
86.790	0.414	86.833	-8.750	7.958	-6.940	-6.0495	1.403       1.525      1.413      -1.493      -2.543      6.806      -6.0525	1539.437637179367357  -371394.01154204667546
86.781	0.422	86.825	-8.775	8.170	-7.919	-6.0476	1.402       1.523      1.420      -0.279      -2.216      7.266      -6.0956	1541.3942178958434397  -371393.21925511094742
86.773	0.430	86.817	-8.635	7.671	-8.326	-6.0318	1.402       1.521      1.428      0.768      -1.900      7.535      -6.1327	1543.7254754893788231  -371392.90862000593916
86.764	0.437	86.809	-7.685	6.201	-8.016	-5.9967	1.404       1.519      1.435      1.622      -1.600      7.606      -6.1480	1545.8705703977689154  -371392.16418917523697
86.757	0.443	86.801	-5.599	3.776	-7.181	-5.9545	1.406       1.518      1.443      2.272      -1.306      7.474      -6.1432	1547.5088558359918807  -371391.23070873849792
86.753	0.445	86.794	-2.906	0.805	-6.173	-5.9300	1.408       1.517      1.450      2.723      -1.022      7.142      -6.1362	1548.8265096445043127  -371390.32778260280611
86.752	0.444	86.789	-0.072	-2.340	-5.108	-5.9343	1.411       1.516      1.457      2.993      -0.778      6.623      -6.1299	1549.5420249247817992  -371390.2883471630048
86.753	0.440	86.784	2.248	-5.304	-3.778	-5.9602	1.414       1.515      1.463      3.111      -0.606      5.941      -6.1242	1548.6719724207466697  -371389.52122240047902
86.756	0.434	86.781	3.543	-7.768	-2.059	-5.9915	1.417       1.515      1.469      3.104      -0.539      5.130      -6.1179	1546.2649906377866955  -371387.88204300415237
86.760	0.425	86.780	3.750	-9.484	-0.150	-6.0143	1.420       1.514      1.474      2.997      -0.610      4.222      -6.1105	1543.4956131194423961  -371386.72574119875208
86.764	0.415	86.781	3.038	-10.435	1.776	-6.0219	1.423       1.513      1.477      2.814      -0.846      3.247      -6.1019	1541.2711726027125678  -371385.90410595521098
86.766	0.404	86.784	1.920	-10.942	3.568	-6.0201	1.426       1.512      1.480      2.577      -1.273      2.227      -6.0940	1540.0674818921543192  -371384.73542920523323
86.767	0.393	86.788	0.860	-11.256	5.052	-6.0113	1.428       1.511      1.482      2.300      -1.910      1.181      -6.0869	1540.0927387548285878  -371384.09022516809637
86.768	0.381	86.794	0.176	-11.476	5.900	-5.9941	1.431       1.509      1.482      1.997      -2.761      0.128      -6.0791	1541.1780426654509029  -371383.4239078250248
86.768	0.370	86.800	0.033	-11.705	5.751	-5.9636	1.432       1.505      1.482      1.681      -3.813      -0.911      -6.0655	1542.7858712654212923  -371382.82663938350743
86.768	0.358	86.805	0.137	-11.676	4.555	-5.9227	1.434       1.501      1.481      1.369      -5.041      -1.909      -6.0492	1544.4075286899392268  -371381.92871002323227
86.768	0.346	86.809	0.233	-11.143	2.581	-5.8791	1.435       1.495      1.478      1.056      -6.400      -2.840      -6.0374	1546.0073241503919235  -371381.01666023465805
86.768	0.336	86.810	0.345	-10.206	0.178	-5.8405	1.436       1.488      1.475      0.722      -7.835      -3.682      -6.0363	1547.5854659253557202  -371380.03848279447993
86.769	0.326	86.809	0.427	-8.999	-2.336	-5.8121	1.437       1.480      1.471      0.338      -9.290      -4.419      -6.0470	1548.7531009776344035  -371379.88147837825818
86.769	0.318	86.806	0.439	-7.622	-4.667	-5.7952	1.437       1.470      1.466      -0.121      -10.707      -5.040      -6.0659	1549.0787817530090251  -371378.56788412906462
86.770	0.311	86.800	0.396	-6.118	-6.520	-5.7885	1.436       1.458      1.461      -0.664      -12.032      -5.539      -6.0870	1548.4831914529204369  -371377.54650118626887
86.770	0.305	86.793	0.319	-4.632	-7.704	-5.7873	1.435       1.445      1.455      -1.279      -13.203      -5.916      -6.1040	1546.9974343518340447  -371376.45624837558717
86.770	0.301	86.785	0.218	-3.404	-8.304	-5.7887	1.434       1.432      1.449      -1.939      -14.158      -6.178      -6.1152	1545.1555982819982091  -371374.80787977867294
86.770	0.299	86.776	0.091	-2.295	-8.610	-5.7953	1.431       1.417      1.443      -2.622      -14.842      -6.336      -6.1190	1543.5881659894118911  -371374.18105156044476
86.770	0.297	86.767	-0.092	-0.753	-8.438	-5.8030	1.429       1.402      1.436      -3.300      -15.211      -6.398      -6.1200	1542.4706604624116153  -371372.75584202120081
86.770	0.297	86.759	-0.349	1.420	-7.540	-5.8130	1.425       1.387      1.430      -3.933      -15.231      -6.362      -6.1215	1541.68483168141438  -371372.58996655390365
86.770	0.300	86.752	-0.671	3.981	-6.151	-5.8332	1.421       1.372      1.424      -4.477      -14.876      -6.209      -6.1273	1540.7188358904318193  -371371.43435867858352
86.769	0.305	86.747	-1.038	6.691	-4.498	-5.8673	1.416       1.357      1.417      -4.885      -14.123      -5.913      -6.1346	1539.2825657075536583  -371370.29874146758812
86.768	0.313	86.743	-1.588	9.204	-2.751	-5.9132	1.411       1.343      1.412      -5.113      -12.959      -5.459      -6.1323	1537.5229186911428769  -371368.80624049325706
86.766	0.323	86.741	-2.410	11.228	-1.008	-5.9658	1.406       1.331      1.407      -5.127      -11.382      -4.834      -6.1169	1536.1405097534423021  -371367.32166686846176
86.763	0.336	86.741	-3.158	12.661	0.864	-6.0171	1.401       1.321      1.402      -4.903      -9.402      -4.037      -6.0936	1535.6512605317604994  -371366.33201751473825
86.759	0.349	86.743	-3.538	13.386	2.880	-6.0589	1.396       1.312      1.399      -4.425      -7.043      -3.070      -6.0670	1535.8183710277091905  -371365.42069823329803
86.756	0.362	86.747	-3.550	13.148	4.818	-6.0843	1.392       1.307      1.396      -3.683      -4.346      -1.944      -6.0431	1536.498162027408398  -371364.35703962115804
86.752	0.375	86.753	-3.193	11.756	6.491	-6.0880	1.389       1.304      1.395      -2.671      -1.377      -0.685      -6.0271	1537.894082388169636  -371363.23214115278097
86.749	0.386	86.760	-2.443	9.709	8.091	-6.0764	1.386       1.304      1.395      -1.398      1.774      0.673      -6.0202	1540.1435714303845543  -371361.82107925787568
86.747	0.394	86.769	-1.270	7.642	9.815	-6.0566	1.386       1.307      1.396      0.104      5.001      2.094      -6.0186	1543.5203568306703801  -371360.50896190589992
86.747	0.401	86.780	0.303	5.813	11.410	-6.0314	1.387       1.314      1.399      1.798      8.193      3.555      -6.0202	1547.791338606012232  -371359.89609812118579
86.748	0.406	86.792	2.115	4.124	12.524	-6.0030	1.389       1.324      1.403      3.637      11.246      5.029      -6.0252	1551.9951865778725733  -371359.29168165044393
86.751	0.409	86.805	4.081	2.341	12.688	-5.9668	1.394       1.336      1.409      5.569      14.069      6.477      -6.0341	1555.3818541842158538  -371358.04105503705796
86.756	0.411	86.817	6.238	0.710	11.722	-5.9287	1.400       1.352      1.416      7.532      16.585      7.840      -6.0471	1557.3347227757135443  -371357.17165559227578
86.764	0.411	86.828	8.594	-0.561	9.746	-5.9030	1.409       1.369      1.425      9.456      18.731      9.053      -6.0612	1557.4012490490972596  -371355.98617018642835
86.773	0.410	86.837	11.053	-1.582	7.054	-5.9032	1.419       1.389      1.434      11.274      20.449      10.053      -6.0768	1555.7505113283957598  -371354.42045604472514
86.786	0.408	86.842	13.395	-2.414	4.125	-5.9336	1.432       1.410      1.445      12.913      21.688      10.784      -6.0969	1553.1500859539073645  -371353.12798012641724
86.800	0.405	86.845	15.364	-3.038	1.447	-5.9862	1.445       1.432      1.456      14.301      22.408      11.205      -6.1186	1550.3354582598335583  -371351.72487445169827
86.816	0.402	86.845	16.606	-3.471	-0.398	-6.0421	1.460       1.455      1.467      15.388      22.592      11.304      -6.1337	1547.7070548678593696  -371350.72745571943233
86.833	0.398	86.844	17.194	-3.850	-1.176	-6.0830	1.476       1.478      1.478      16.143      22.242      11.094      -6.1348	1545.5232644790480663  -371349.51424621220212
86.851	0.394	86.843	17.203	-4.352	-1.341	-6.1025	1.492       1.500      1.489      16.543      21.378      10.615      -6.1138	1543.7626761572873875  -371348.25369662244339
86.868	0.389	86.841	16.310	-4.999	-1.591	-6.0971	1.509       1.520      1.500      16.562      20.036      9.922      -6.0657	1542.337955064584321  -371346.94013026583707
86.883	0.384	86.840	14.350	-5.730	-2.176	-6.0673	1.526       1.540      1.509      16.177      18.246      9.095      -5.9917	1541.3758175844182006  -371345.897608399624
86.896	0.378	86.837	11.310	-6.339	-2.911	-6.0172	1.541       1.557      1.518      15.384      16.019      8.225      -5.9067	1541.0851005012577843  -371344.73738320724806
86.906	0.371	86.834	7.427	-6.612	-3.646	-5.9562	1.556       1.572      1.526      14.201      13.364      7.377      -5.8290	1541.5265838487823657  -371343.31052336940775
86.911	0.365	86.830	3.085	-6.557	-4.244	-5.8947	1.570       1.584      1.532      12.680      10.300      6.569      -5.7722	1542.6329226422553802  -371342.17148058663588
86.912	0.358	86.825	-1.576	-6.237	-4.335	-5.8368	1.582       1.592      1.539      10.894      6.871      5.767      -5.7384	1544.0168691427663816  -371341.5519985674182
86.908	0.352	86.821	-6.262	-5.743	-3.695	-5.7896	1.592       1.597      1.544      8.916      3.153      4.904      -5.7259	1544.9631591060540359  -371340.53888834966347
86.900	0.347	86.818	-10.284	-5.129	-2.489	-5.7583	1.599       1.599      1.548      6.806      -0.740      3.919      -5.7286	1545.0359462271851498  -371338.88383159192745
86.888	0.342	86.816	-13.191	-4.358	-1.162	-5.7400	1.605       1.596      1.552      4.611      -4.665      2.775      -5.7405	1544.4443101887654848  -371337.82385069294833
86.873	0.338	86.816	-14.815	-3.343	-0.232	-5.7261	1.609       1.589      1.554      2.363      -8.483      1.488      -5.7566	1543.6043335689303149  -371336.58045250800205
86.858	0.335	86.816	-15.482	-2.166	0.140	-5.7134	1.610       1.579      1.555      0.092      -12.073      0.092      -5.7836	1542.8010870429723127  -371335.27638581657084
86.842	0.334	86.816	-15.775	-0.973	0.159	-5.7057	1.609       1.565      1.554      -2.183      -15.326      -1.411      -5.8238	1542.3777686449670909  -371333.67457045754418
86.826	0.333	86.816	-15.879	0.210	0.022	-5.7040	1.606       1.548      1.552      -4.445      -18.144      -3.032      -5.8696	1542.7950792572635237  -371332.44945096789161
86.811	0.334	86.816	-15.797	1.365	-0.269	-5.7084	1.600       1.529      1.548      -6.673      -20.451      -4.778      -5.9117	1544.107901278292502  -371331.82439988508122
86.795	0.336	86.815	-15.325	2.255	-0.705	-5.7173	1.592       1.507      1.542      -8.830      -22.204      -6.636      -5.9440	1545.4210134462457518  -371331.64121061761398
86.780	0.338	86.815	-14.299	2.670	-1.265	-5.7289	1.582       1.484      1.535      -10.879      -23.380      -8.562      -5.9713	1546.1666148984882057  -371329.53725197294261
86.766	0.341	86.813	-12.838	2.693	-1.920	-5.7464	1.570       1.461      1.525      -12.791      -23.971      -10.488      -5.9935	1547.0457453022640948  -371327.9336102399393
86.754	0.344	86.811	-11.085	2.431	-2.641	-5.7718	1.557       1.437      1.514      -14.545      -23.977      -12.335      -6.0085	1548.7310781294775097  -371326.81335154519184
86.744	0.346	86.808	-9.126	1.938	-3.416	-5.8049	1.541       1.413      1.501      -16.124      -23.415      -14.025      -6.0171	1550.8487746766011242  -371325.56552730023395
86.736	0.348	86.804	-6.694	1.246	-4.575	-5.8408	1.525       1.390      1.486      -17.514      -22.306      -15.490      -6.0197	1552.7739034091198391  -371324.07454094249988
86.731	0.349	86.799	-3.672	0.388	-6.296	-5.8821	1.506       1.368      1.470      -18.688      -20.669      -16.674      -6.0168	1554.4034301221390706  -371323.21579146070872
86.729	0.349	86.791	-0.451	-0.564	-8.280	-5.9340	1.487       1.348      1.452      -19.610      -18.535      -17.526      -6.0093	1555.3915844056909918  -371322.64764340233523
86.730	0.347	86.782	2.484	-1.426	-10.236	-5.9950	1.467       1.331      1.435      -20.230      -15.951      -18.014      -5.9961	1555.0982940879903254  -371321.58854045090266
86.734	0.346	86.771	4.574	-1.895	-11.874	-6.0535	1.447       1.316      1.416      -20.494      -12.981      -18.117      -5.9801	1553.2141756682362939  -371319.76678395230556
86.739	0.344	86.758	5.944	-1.848	-12.462	-6.0923	1.426       1.305      1.398      -20.354      -9.699      -17.821      -5.9623	1550.1837482208916299  -371318.51774932770059
86.745	0.342	86.746	7.082	-1.383	-11.503	-6.1054	1.406       1.297      1.381      -19.769      -6.174      -17.116      -5.9421	1547.0226176133696754  -371317.05360765731893
86.753	0.341	86.735	8.187	-0.634	-9.443	-6.0991	1.387       1.293      1.364      -18.706      -2.469      -15.994      -5.9174	1544.6752305479715233  -371315.5736188616138
86.762	0.341	86.727	9.310	0.231	-6.786	-6.0801	1.369       1.292      1.349      -17.143      1.366      -14.456      -5.8873	1543.6732591248246536  -371314.85971155524021
86.772	0.341	86.722	10.330	1.084	-3.811	-6.0544	1.352       1.295      1.335      -15.074      5.278      -12.521      -5.8468	1544.087506593154103  -371314.2293121102266
86.782	0.343	86.719	11.124	1.818	-0.785	-6.0287	1.338       1.303      1.324      -12.510      9.199      -10.232      -5.7983	1545.2769010071947378  -371313.92329307086766
86.794	0.345	86.720	11.558	2.329	2.001	-6.0086	1.327       1.314      1.315      -9.483      13.048      -7.623      -5.7576	1545.9298785186470013  -371313.56031413417077
86.806	0.348	86.723	11.243	2.476	4.433	-5.9933	1.319       1.329      1.309      -6.053      16.742      -4.719      -5.7340	1545.394576363175247  -371311.61991418758407
86.816	0.350	86.729	9.876	2.108	6.413	-5.9787	1.315       1.347      1.305      -2.324      20.190      -1.556      -5.7347	1544.3372575249738929  -371310.27691152394982
86.825	0.352	86.736	7.856	1.243	7.987	-5.9721	1.315       1.369      1.305      1.558      23.292      1.794      -5.7632	1543.6759620660275232  -371309.28423159301747
86.832	0.352	86.745	5.713	0.210	9.453	-5.9836	1.318       1.394      1.309      5.418      25.940      5.227      -5.8158	1544.0229300554801739  -371308.41148633242119
86.837	0.352	86.755	3.722	-0.717	10.828	-6.0119	1.326       1.421      1.316      9.076      28.024      8.626      -5.8764	1545.2552285437589035  -371307.89104224881157
86.840	0.351	86.767	2.130	-1.498	11.913	-6.0481	1.336       1.450      1.326      12.379      29.449      11.871      -5.9280	1546.5773444398801075  -371307.02991967997514
86.841	0.349	86.779	1.079	-2.102	12.577	-6.0810	1.350       1.480      1.340      15.219      30.137      14.864      -5.9702	1547.6015569139688068  -371306.10704924812308
86.842	0.347	86.792	0.375	-2.515	12.984	-6.1056	1.367       1.510      1.356      17.532      30.040      17.544      -5.9999	1548.3281694459112714  -371304.75553729699459
86.842	0.344	86.805	-0.202	-2.735	13.316	-6.1195	1.385       1.540      1.375      19.290      29.138      19.869      -6.0119	1549.2349855560660217  -371303.76571248960681
86.841	0.341	86.818	-0.651	-2.776	13.544	-6.1206	1.405       1.568      1.396      20.493      27.449      21.809      -6.0044	1550.5814012893270046  -371303.23523307347205
86.840	0.339	86.832	-0.801	-2.654	13.464	-6.1071	1.426       1.595      1.418      21.169      25.023      23.346      -5.9777	1551.7235368939630007  -371302.38939357257914
86.840	0.336	86.845	-0.423	-2.383	12.828	-6.0769	1.448       1.619      1.442      21.367      21.947      24.474      -5.9376	1552.3445209410037933  -371301.15217167302035
86.840	0.334	86.858	0.441	-1.977	11.682	-6.0356	1.469       1.639      1.467      21.147      18.336      25.193      -5.8924	1552.6279823103054696  -371300.40189126861515
86.841	0.332	86.869	1.585	-1.455	10.238	-5.9910	1.490       1.655      1.493      20.573      14.320      25.498      -5.8481	1552.5163938180128298  -371299.98859470622847
86.843	0.331	86.878	2.821	-0.841	8.688	-5.9494	1.510       1.667      1.518      19.708      10.033      25.379      -5.8086	1551.7304634359140891  -371299.13587915629614
86.846	0.330	86.886	3.958	-0.164	7.217	-5.9138	1.530       1.675      1.543      18.612      5.611      24.817      -5.7757	1550.5668280029030939  -371297.308854712639
86.851	0.331	86.893	4.774	0.630	5.970	-5.8827	1.548       1.679      1.568      17.337      1.182      23.783      -5.7479	1549.8056357914297223  -371296.14481002860703
86.856	0.332	86.898	5.111	1.646	4.984	-5.8499	1.564       1.678      1.591      15.916      -3.131      22.246      -5.7250	1549.8180674628167708  -371295.42279407702154
86.861	0.334	86.902	5.163	2.953	4.108	-5.8199	1.579       1.672      1.612      14.358      -7.222      20.182      -5.7081	1550.2235444931052371  -371295.40889954118757
86.866	0.338	86.906	4.920	4.625	3.141	-5.7959	1.593       1.663      1.631      12.655      -10.995      17.581      -5.6924	1550.2103536788704332  -371294.85985116066877
86.871	0.343	86.909	4.197	6.531	1.997	-5.7802	1.605       1.650      1.648      10.776      -14.362      14.459      -5.6760	1549.4213629333173685  -371294.47719304129714
86.875	0.351	86.910	3.167	8.289	0.651	-5.7750	1.614       1.634      1.660      8.692      -17.254      10.863      -5.6640	1548.2784025453972845  -371292.65659846831113
86.877	0.360	86.910	1.979	9.592	-0.901	-5.7788	1.622       1.616      1.669      6.381      -19.644      6.874      -5.6647	1547.5059106565618094  -371291.37581552908523
86.878	0.370	86.908	0.672	10.470	-2.459	-5.7901	1.627       1.595      1.674      3.843      -21.546      2.601      -5.6844	1547.8237349046821691  -371290.57283439551247
86.878	0.381	86.905	-0.661	10.906	-3.570	-5.8087	1.630       1.573      1.674      1.106      -23.005      -1.821      -5.7272	1549.2027555483959986  -371290.41634413681459
86.877	0.392	86.901	-1.890	10.844	-4.025	-5.8332	1.629       1.549      1.670      -1.767      -24.080      -6.235      -5.7902	1550.9781254462277502  -371289.98313251481159
86.875	0.402	86.897	-2.982	10.284	-3.834	-5.8613	1.626       1.525      1.662      -4.677      -24.813      -10.468      -5.8583	1552.3471140072056187  -371289.58954958373215
86.871	0.412	86.894	-4.005	9.229	-3.123	-5.8919	1.620       1.500      1.650      -7.501      -25.212      -14.339      -5.9202	1552.6928495351119182  -371288.68347483430989
86.867	0.421	86.891	-5.116	7.861	-2.273	-5.9278	1.611       1.474      1.633      -10.107      -25.258      -17.697      -5.9826	1551.9102001347264377  -371287.75467179494444
86.861	0.428	86.889	-6.371	6.379	-1.581	-5.9686	1.600       1.449      1.614      -12.374      -24.922      -20.424      -6.0419	1550.4170425413199155  -371286.50293367716949
86.854	0.434	86.888	-7.655	4.974	-1.218	-6.0110	1.586       1.424      1.592      -14.205      -24.169      -22.434      -6.0895	1549.0554476582153711  -371285.33119801338762
86.846	0.438	86.887	-8.845	3.627	-1.150	-6.0507	1.571       1.401      1.569      -15.536      -22.968      -23.681      -6.1182	1548.3398683155521667  -371284.74310072348453
86.836	0.441	86.885	-9.803	2.283	-1.255	-6.0858	1.555       1.378      1.545      -16.325      -21.313      -24.147      -6.1233	1548.254487619010888  -371284.56205040955683
86.826	0.442	86.884	-10.395	1.046	-1.562	-6.1121	1.539       1.358      1.521      -16.553      -19.229      -23.836      -6.1008	1548.6577716441779557  -371284.1520398708526
86.815	0.443	86.882	-10.739	-0.236	-2.144	-6.1286	1.522       1.340      1.497      -16.216      -16.777      -22.771      -6.0574	1549.4591220753627567  -371283.50641273724614
86.805	0.442	86.880	-10.603	-1.975	-3.210	-6.1352	1.506       1.325      1.475      -15.348      -14.043      -21.005      -5.9989	1550.4705610316923412  -371283.09323613415472
86.794	0.439	86.876	-9.527	-4.472	-4.780	-6.1301	1.492       1.312      1.455      -14.014      -11.134      -18.623      -5.9336	1551.4002415193886009  -371283.07064380595693
86.785	0.433	86.870	-7.724	-7.603	-6.548	-6.1277	1.478       1.302      1.438      -12.309      -8.167      -15.742      -5.8772	1551.6867427052543462  -371282.64498226263095
86.779	0.424	86.863	-5.692	-10.916	-8.160	-6.1384	1.467       1.296      1.424      -10.341      -5.253      -12.504      -5.8418	1551.2070263552675442  -371281.4474715674296
86.774	0.411	86.854	-3.834	-13.972	-9.281	-6.1607	1.458       1.292      1.413      -8.225      -2.498      -9.063      -5.8296	1550.5273398159558838  -371280.70376288471743
86.771	0.396	86.844	-2.244	-16.319	-10.121	-6.1869	1.451       1.291      1.406      -6.057      0.007      -5.571      -5.8368	1550.0288714724938473  -371280.02370473276824
86.770	0.379	86.834	-0.916	-17.639	-11.110	-6.2100	1.446       1.292      1.402      -3.916      2.203      -2.174      -5.8628	1549.8215411859805499  -371279.61481128208106
86.769	0.361	86.822	0.251	-17.565	-12.238	-6.2170	1.443       1.295      1.401      -1.867      4.065      1.003      -5.9027	1549.6613273357595517  -371279.17964536667569
86.770	0.343	86.809	1.723	-16.143	-13.124	-6.2037	1.442       1.300      1.404      0.042      5.598      3.857      -5.9507	1549.3368943826126269  -371278.6441515951301
86.773	0.328	86.796	3.843	-14.070	-13.393	-6.1795	1.443       1.306      1.409      1.779      6.831      6.311      -5.9983	1548.817744933418453  -371278.09604419936659
86.778	0.315	86.782	6.442	-11.905	-13.005	-6.1542	1.445       1.314      1.417      3.323      7.795      8.317      -6.0370	1547.9947868627209573  -371277.45269823080162
86.786	0.304	86.770	9.047	-9.392	-11.404	-6.1154	1.449       1.322      1.426      4.667      8.514      9.845      -6.0637	1547.0058905053076614  -371276.68150971725117
86.796	0.296	86.760	10.884	-6.126	-8.550	-6.0637	1.455       1.331      1.436      5.812      9.023      10.885      -6.0792	1546.5976597611647776  -371275.82189366058446
86.807	0.292	86.753	11.530	-2.403	-5.287	-6.0156	1.461       1.340      1.448      6.744      9.370      11.439      -6.0791	1547.2485475067624066  -371276.03804829838919
86.819	0.292	86.749	11.376	1.547	-2.068	-5.9849	1.468       1.349      1.459      7.437      9.606      11.524      -6.0680	1548.2486238070275704  -371276.03448806994129
86.830	0.295	86.748	10.651	5.584	0.942	-5.9738	1.476       1.359      1.471      7.861      9.786      11.172      -6.0551	1548.7624256322899328  -371275.56534983735764
86.840	0.303	86.751	9.280	9.385	3.657	-5.9766	1.484       1.369      1.482      7.995      9.961      10.430      -6.0476	1548.6186764828703417  -371275.02789801824838
86.849	0.314	86.756	7.569	12.541	5.949	-5.9882	1.492       1.379      1.492      7.826      10.177      9.361      -6.0499	1547.9924526430295373  -371274.66158437856939
86.855	0.328	86.763	5.955	14.453	7.461	-5.9939	1.500       1.389      1.500      7.356      10.463      8.032      -6.0610	1547.1480657545309896  -371273.82692394393962
86.861	0.343	86.771	4.662	15.112	8.182	-5.9809	1.507       1.400      1.508      6.610      10.828      6.506      -6.0736	1546.6906046038413933  -371272.92544651118806
86.865	0.358	86.779	3.439	15.084	8.338	-5.9637	1.513       1.411      1.513      5.625      11.265      4.839      -6.0765	1546.9782006340487897  -371272.95135951676639
86.867	0.373	86.787	1.741	14.588	7.757	-5.9403	1.518       1.422      1.517      4.448      11.769      3.094      -6.0528	1547.7744288864691953  -371271.91172779415501
86.868	0.387	86.795	-0.453	13.671	6.462	-5.9173	1.522       1.434      1.519      3.135      12.319      1.346      -6.0269	1549.4204318732238335  -371271.56410616851645
86.867	0.400	86.800	-2.813	12.457	4.708	-5.9010	1.524       1.447      1.520      1.743      12.850      -0.332      -6.0164	1552.0395440245547434  -371271.80337772297207
86.863	0.412	86.804	-5.144	11.076	2.853	-5.8950	1.525       1.460      1.519      0.323      13.275      -1.880      -6.0299	1554.5694383635845952  -371272.15452830214053
86.856	0.423	86.806	-7.241	9.650	1.214	-5.8981	1.525       1.474      1.516      -1.082      13.516      -3.252      -6.0640	1555.8790709304482789  -371271.42798096814658
86.848	0.432	86.806	-8.783	8.187	0.111	-5.9050	1.523       1.487      1.512      -2.437      13.522      -4.411      -6.1023	1555.6901847444498799  -371270.92516371380771
86.839	0.439	86.806	-9.471	6.727	-0.194	-5.9088	1.520       1.501      1.507      -3.713      13.281      -5.322      -6.1229	1554.0327885375711503  -371270.92416197329294
86.829	0.445	86.806	-9.537	5.250	0.044	-5.9086	1.516       1.514      1.502      -4.891      12.807      -5.952      -6.1249	1551.073057735106886  -371269.75821935897693
86.820	0.449	86.806	-9.259	3.565	0.381	-5.9098	1.510       1.526      1.495      -5.971      12.115      -6.283      -6.1254	1547.7724209359516863  -371268.6903034724528
86.811	0.452	86.807	-8.511	1.663	0.555	-5.9133	1.504       1.538      1.489      -6.965      11.217      -6.313      -6.1237	1545.4236731592818614  -371268.41156024759402
86.803	0.453	86.807	-7.347	-0.296	0.470	-5.9219	1.496       1.549      1.483      -7.892      10.131      -6.057      -6.1192	1544.5256489276882803  -371267.53800262743607
86.796	0.452	86.808	-5.972	-2.153	0.184	-5.9378	1.488       1.558      1.477      -8.767      8.870      -5.544      -6.1140	1545.4243416957551744  -371266.92134052980691
86.791	0.448	86.808	-4.627	-3.779	-0.182	-5.9608	1.479       1.566      1.472      -9.587      7.442      -4.814      -6.1095	1547.9493220397330333  -371267.54926311160671
86.787	0.444	86.807	-3.557	-5.117	-0.420	-5.9888	1.469       1.573      1.467      -10.336      5.850      -3.924      -6.1051	1551.0994115007717937  -371267.22929996281164
86.784	0.438	86.807	-2.979	-6.114	-0.345	-6.0182	1.458       1.578      1.464      -10.987      4.107      -2.940      -6.1016	1553.9394460475421056  -371267.40247933799401
86.781	0.432	86.807	-2.803	-6.837	0.032	-6.0458	1.447       1.581      1.461      -11.504      2.241      -1.928      -6.1011	1555.8263668018375938  -371267.34020668489393
86.778	0.425	86.807	-2.771	-7.388	0.550	-6.0711	1.435       1.583      1.460      -11.849      0.283      -0.944      -6.1031	1556.2252286516950335  -371266.60802928067278
86.775	0.417	86.808	-2.809	-7.739	1.114	-6.0923	1.423       1.582      1.460      -11.987      -1.727      -0.037      -6.1070	1555.1226079262637541  -371265.94271570199635
86.772	0.409	86.809	-2.918	-7.874	1.715	-6.1081	1.411       1.579      1.460      -11.897      -3.745      0.757      -6.1119	1553.4435627145483068  -371265.2237483371282
86.769	0.401	86.811	-3.092	-7.783	2.340	-6.1178	1.399       1.574      1.461      -11.571      -5.722      1.411      -6.1170	1552.2010335022359868  -371264.73684118961683
86.766	0.394	86.814	-3.027	-7.148	2.975	-6.1170	1.388       1.568      1.463      -11.013      -7.606      1.902      -6.1205	1551.5897834102886463  -371264.10872651159298
86.763	0.387	86.817	-2.451	-5.699	3.594	-6.1028	1.377       1.559      1.465      -10.232      -9.346      2.217      -6.1218	1551.328240560849963  -371264.43609261943493
86.761	0.382	86.821	-1.492	-3.616	4.166	-6.0862	1.367       1.549      1.467      -9.242      -10.890      2.358      -6.1217	1551.0905932407904402  -371264.59795680025127
86.760	0.380	86.826	-0.321	-1.147	4.666	-6.0764	1.359       1.537      1.470      -8.059      -12.183      2.331      -6.1171	1550.3966896867925698  -371264.12345684907632
86.761	0.380	86.830	0.937	1.510	5.077	-6.0785	1.351       1.525      1.472      -6.714      -13.169      2.150      -6.0992	1549.3534540509785984  -371263.0203775492846
86.762	0.383	86.836	2.185	4.177	5.387	-6.0933	1.345       1.511      1.474      -5.232      -13.798      1.836      -6.0732	1548.6872933184374688  -371262.40169465378858
86.765	0.388	86.841	3.295	6.646	5.587	-6.1178	1.341       1.497      1.476      -3.613      -14.026      1.418      -6.0418	1548.8012361630835585  -371262.5632436327287
86.769	0.396	86.847	3.900	8.626	5.481	-6.1433	1.338       1.483      1.477      -1.835      -13.818      0.928      -6.0080	1549.565744791822226  -371262.2473643955891
86.773	0.405	86.852	3.603	9.443	4.575	-6.1541	1.337       1.469      1.477      0.144      -13.155      0.422      -5.9692	1550.6605387531969882  -371262.36404444259824
86.776	0.415	86.856	2.584	8.887	2.737	-6.1466	1.338       1.457      1.478      2.360      -12.051      -0.029      -5.9386	1551.2800608872294106  -371262.34873321530176
86.778	0.423	86.858	1.417	7.539	0.382	-6.1383	1.342       1.445      1.477      4.793      -10.568      -0.360      -5.9331	1550.7408107506682882  -371261.87190027267206
86.779	0.430	86.857	0.525	5.822	-1.997	-6.1345	1.348       1.436      1.477      7.348      -8.793      -0.538      -5.9480	1549.3565543030952085  -371260.64235181198455
86.779	0.435	86.854	-0.023	3.986	-4.109	-6.1339	1.357       1.428      1.476      9.873      -6.812      -0.569      -5.9658	1547.688699041703785  -371260.78686296817614
86.779	0.438	86.849	-0.386	2.267	-5.899	-6.1363	1.368       1.422      1.476      12.225      -4.719      -0.493      -5.9925	1546.2590058969688016  -371259.63725954690017
86.778	0.439	86.842	-0.568	0.882	-7.178	-6.1371	1.381       1.418      1.475      14.303      -2.614      -0.351      -6.0241	1546.2671115981763705  -371258.62911253195489
86.778	0.440	86.834	-0.421	-0.006	-7.652	-6.1293	1.396       1.417      1.475      16.054      -0.590      -0.175      -6.0481	1548.2515757934452267  -371258.76782273873687
86.777	0.439	86.827	0.098	-0.604	-7.478	-6.1124	1.413       1.417      1.475      17.458      1.278      0.018      -6.0644	1551.3592095249564409  -371259.04823017166927
86.778	0.438	86.819	0.958	-1.199	-7.010	-6.0913	1.431       1.419      1.475      18.499      2.930      0.219      -6.0798	1554.1173680842939575  -371259.52508972189389
86.779	0.437	86.813	2.101	-1.814	-6.361	-6.0678	1.450       1.423      1.475      19.171      4.323      0.429      -6.0932	1555.6352714915462911  -371258.63123083696701
86.782	0.435	86.807	3.403	-2.430	-5.615	-6.0444	1.470       1.428      1.476      19.476      5.420      0.651      -6.1033	1556.1438044100541447  -371258.01075193367433
86.786	0.432	86.801	4.706	-2.970	-4.921	-6.0217	1.489       1.434      1.477      19.424      6.200      0.883      -6.1096	1555.9837567596405279  -371257.99852029856993
86.791	0.429	86.797	5.839	-3.400	-4.381	-6.0003	1.508       1.440      1.478      19.019      6.654      1.124      -6.1124	1555.356677732080243  -371257.74899683322292
86.798	0.425	86.793	6.684	-3.793	-4.045	-5.9797	1.527       1.447      1.479      18.264      6.784      1.371      -6.1125	1554.2194531995776288  -371256.97334703395609
86.805	0.421	86.789	6.959	-4.207	-3.557	-5.9575	1.545       1.454      1.480      17.169      6.594      1.613      -6.1091	1552.5234784596204918  -371256.57478394411737
86.812	0.417	86.785	6.523	-4.676	-2.429	-5.9333	1.561       1.460      1.482      15.754      6.097      1.838      -6.1003	1550.5752742449376456  -371256.0428457550006
86.818	0.412	86.784	5.629	-5.186	-0.747	-5.9134	1.576       1.466      1.484      14.046      5.320      2.029      -6.0896	1548.9173760716155357  -371255.40412572165951
86.823	0.407	86.784	4.527	-5.668	1.157	-5.9023	1.590       1.471      1.486      12.074      4.303      2.169      -6.0804	1548.3703478528093456  -371255.18967873038491
86.827	0.401	86.786	3.398	-6.080	3.044	-5.9014	1.601       1.475      1.488      9.871      3.097      2.231      -6.0749	1549.02616432336049  -371255.26426458533388
86.830	0.394	86.790	2.387	-6.419	4.752	-5.9104	1.609       1.477      1.491      7.486      1.756      2.178      -6.0707	1550.0071152833820634  -371256.03712412284222
86.832	0.388	86.796	1.665	-6.681	6.101	-5.9268	1.616       1.478      1.493      4.983      0.336      1.965      -6.0648	1550.3701262745732947  -371255.52604390337365
86.833	0.381	86.802	1.427	-6.886	6.849	-5.9464	1.619       1.478      1.495      2.439      -1.110      1.570      -6.0650	1550.1609868950881719  -371254.58852680324344
86.835	0.374	86.809	1.658	-7.179	6.823	-5.9635	1.620       1.476      1.496      -0.061      -2.530      1.007      -6.0698	1550.2976137965301859  -371254.48343647422735
86.836	0.367	86.816	2.051	-7.639	6.219	-5.9817	1.619       1.473      1.497      -2.441      -3.881      0.300      -6.0792	1551.1847792332405334  -371254.40107088629156
86.839	0.359	86.822	2.415	-8.172	5.330	-6.0027	1.616       1.468      1.497      -4.647      -5.123      -0.518      -6.0938	1552.3571430026995586  -371253.78803514235187
86.841	0.350	86.827	2.742	-8.677	4.286	-6.0261	1.610       1.462      1.496      -6.652      -6.220      -1.421      -6.1076	1553.6426915459092015  -371253.36849750712281
86.844	0.341	86.830	3.023	-9.055	3.213	-6.0509	1.602       1.456      1.494      -8.440      -7.144      -2.381      -6.1217	1555.1513278475176776  -371253.7303705776576
86.847	0.332	86.833	3.008	-8.989	2.239	-6.0734	1.593       1.448      1.491      -9.999      -7.874      -3.358      -6.1375	1556.4277033899672915  -371253.94882675411645
86.850	0.323	86.835	2.419	-8.147	1.485	-6.0882	1.582       1.440      1.487      -11.316      -8.397      -4.304      -6.1495	1557.0468995668256866  -371253.34959739126498
86.852	0.316	86.836	1.321	-6.557	1.040	-6.0988	1.570       1.431      1.482      -12.374      -8.706      -5.170      -6.1547	1557.2572568866053189  -371252.97142782964511
86.853	0.310	86.837	-0.072	-4.493	0.882	-6.1106	1.558       1.423      1.477      -13.157      -8.798      -5.910      -6.1542	1557.1482855184863183  -371253.32096379710129
86.852	0.307	86.838	-1.545	-2.278	0.918	-6.1272	1.544       1.414      1.470      -13.660      -8.672      -6.480      -6.1493	1556.3142340709675864  -371252.91131191386376
86.850	0.306	86.839	-2.869	-0.240	1.035	-6.1477	1.530       1.405      1.464      -13.884      -8.324      -6.839      -6.1395	1554.7292576408890454  -371252.9290475632879
86.846	0.306	86.840	-3.804	1.268	1.086	-6.1663	1.516       1.397      1.457      -13.833      -7.749      -6.959      -6.1231	1552.8285886511055196  -371251.95018244005041
86.842	0.308	86.841	-4.210	2.078	1.035	-6.1757	1.503       1.390      1.450      -13.520      -6.948      -6.825      -6.1015	1551.1405021024954749  -371252.51708156627137
86.838	0.311	86.842	-4.330	2.488	0.955	-6.1778	1.489       1.383      1.443      -12.967      -5.924      -6.432      -6.0776	1549.6558551003547564  -371252.53427105746232
86.833	0.313	86.843	-4.423	2.777	0.884	-6.1754	1.477       1.378      1.437      -12.206      -4.680      -5.784      -6.0539	1548.1563435267667046  -371252.3043251055642
86.829	0.316	86.844	-4.481	2.941	0.813	-6.1686	1.465       1.374      1.432      -11.276      -3.225      -4.897      -6.0319	1546.9266763150142197  -371252.06505815696437
86.824	0.319	86.844	-4.497	2.976	0.740	-6.1580	1.454       1.371      1.427      -10.216      -1.576      -3.797      -6.0125	1546.4420133286128021  -371251.9233516670065
86.820	0.322	86.845	-4.467	2.886	0.662	-6.1442	1.444       1.371      1.424      -9.065      0.237      -2.528      -5.9963	1546.507876694153083  -371252.04124119871994
86.816	0.325	86.846	-4.388	2.679	0.584	-6.1279	1.436       1.372      1.422      -7.863      2.175      -1.141      -5.9828	1546.6443343768542036  -371252.35246418439783
86.811	0.327	86.846	-4.257	2.369	0.513	-6.1104	1.429       1.375      1.422      -6.648      4.194      0.306      -5.9743	1546.752976911500582  -371252.20211563864723
86.807	0.330	86.847	-4.073	1.972	0.459	-6.0928	1.423       1.380      1.423      -5.450      6.238      1.757      -5.9733	1546.6772529610950642  -371252.30452033964684
86.803	0.331	86.847	-3.836	1.512	0.431	-6.0759	1.418       1.388      1.425      -4.291      8.242      3.157      -5.9800	1546.3365257140098947  -371252.43540474056499
86.799	0.333	86.848	-3.521	1.011	0.406	-6.0601	1.414       1.397      1.429      -3.188      10.134      4.427      -5.9715	1545.8682189322357772  -371252.38935680506984
86.796	0.333	86.848	-3.084	0.495	0.334	-6.0454	1.411       1.408      1.434      -2.174      11.839      5.455      -5.9233	1545.5686588455284891  -371251.53704626305262
86.793	0.334	86.848	-2.523	0.185	-0.018	-6.0303	1.410       1.420      1.440      -1.265      13.284      6.158      -5.8553	1545.9263353965866372  -371251.79179977584863
86.791	0.334	86.848	-1.778	0.371	-0.797	-6.0133	1.409       1.434      1.446      -0.434      14.394      6.517      -5.8000	1547.1949031373801517  -371250.93761338572949
86.790	0.334	86.847	-0.773	1.084	-1.822	-5.9956	1.409       1.449      1.453      0.387      15.111      6.579      -5.7843	1549.4475990467897191  -371251.32104650046676
86.789	0.336	86.844	0.404	2.166	-2.831	-5.9793	1.410       1.465      1.459      1.274      15.397      6.433      -5.8203	1552.1510257042716603  -371251.72930199780967
86.790	0.339	86.841	1.614	3.390	-3.599	-5.9657	1.411       1.480      1.466      2.287      15.242      6.187      -5.9042	1554.5931596053910653  -371251.17788838641718
86.793	0.343	86.837	2.839	4.525	-4.049	-5.9557	1.414       1.495      1.472      3.443      14.664      5.930      -6.0102	1556.5865444515716263  -371250.97973317670403
86.796	0.348	86.833	4.071	5.381	-4.175	-5.9489	1.418       1.509      1.478      4.703      13.694      5.688      -6.0851	1558.0526650763320049  -371251.35469780256972
86.801	0.354	86.829	5.212	6.030	-4.150	-5.9461	1.424       1.523      1.483      5.985      12.369      5.388      -6.0959	1558.3964044226879651  -371251.70892673212802
86.807	0.360	86.825	6.155	6.569	-4.172	-5.9481	1.430       1.534      1.488      7.232      10.736      4.955      -6.0930	1557.3183819183827836  -371251.31287354015512
86.813	0.367	86.820	6.793	6.891	-4.247	-5.9533	1.438       1.544      1.493      8.408      8.857      4.373      -6.0862	1554.7982974655456019  -371251.90132396144327
86.820	0.374	86.816	7.145	7.012	-4.374	-5.9597	1.447       1.552      1.497      9.472      6.799      3.645      -6.0780	1551.3931837943157461  -371249.67155021353392
86.827	0.381	86.812	7.353	7.107	-4.549	-5.9675	1.457       1.558      1.500      10.384      4.627      2.777      -6.0710	1548.6604794757654417  -371249.02688048325945
86.835	0.388	86.807	7.452	7.308	-4.763	-5.9758	1.468       1.561      1.503      11.107      2.402      1.780      -6.0662	1547.5115268329795981  -371249.46092402155045
86.842	0.395	86.802	7.426	7.612	-5.007	-5.9839	1.479       1.562      1.504      11.610      0.180      0.666      -6.0633	1547.7403106536455653  -371249.57380497083068
86.850	0.403	86.797	7.329	8.020	-5.191	-5.9911	1.491       1.561      1.504      11.866      -1.985      -0.546      -6.0616	1548.7781963901395557  -371249.52024603280006
86.857	0.411	86.792	7.239	8.491	-5.240	-5.9966	1.503       1.558      1.503      11.859      -4.042      -1.830      -6.0601	1549.9270820407471092  -371250.57598631631117
86.864	0.420	86.787	7.028	8.858	-5.215	-6.0001	1.515       1.553      1.500      11.588      -5.939      -3.150      -6.0579	1550.3910704606814761  -371250.49304981972091
86.871	0.429	86.781	6.281	8.919	-5.025	-5.9991	1.526       1.547      1.497      11.066      -7.625      -4.453      -6.0523	1550.105007996049153  -371249.64790439070202
86.877	0.438	86.776	4.735	8.624	-4.456	-5.9900	1.537       1.538      1.491      10.308      -9.069      -5.676      -6.0459	1549.9000719122034297  -371248.76322312699631
86.880	0.446	86.772	2.492	8.150	-3.433	-5.9774	1.547       1.528      1.485      9.333      -10.257      -6.762      -6.0429	1550.2056913719216027  -371250.16539766383357
86.882	0.454	86.770	-0.219	7.647	-2.018	-5.9673	1.556       1.518      1.478      8.162      -11.187      -7.665      -6.0474	1550.5544561772826455  -371249.1434289048193
86.880	0.462	86.768	-3.175	7.104	-0.244	-5.9653	1.563       1.506      1.470      6.823      -11.859      -8.350      -6.0596	1550.792611554712721  -371249.11258922051638
86.875	0.468	86.769	-6.160	6.360	1.985	-5.9739	1.569       1.494      1.461      5.340      -12.272      -8.787      -6.0750	1550.60761538450015  -371249.60854684765218
86.868	0.474	86.772	-8.815	5.398	4.710	-5.9953	1.574       1.481      1.452      3.740      -12.424      -8.947      -6.0887	1549.5976489231281903  -371248.73076473892434
86.858	0.479	86.779	-10.678	4.397	7.749	-6.0265	1.577       1.469      1.443      2.051      -12.310      -8.797      -6.0953	1548.5004708799701802  -371248.48532438545953
86.846	0.483	86.788	-11.461	3.501	10.665	-6.0617	1.578       1.457      1.435      0.311      -11.927      -8.304      -6.0926	1548.2969380677106983  -371248.58678372588474
86.835	0.486	86.800	-11.088	2.657	12.900	-6.0918	1.577       1.445      1.427      -1.431      -11.272      -7.433      -6.0809	1548.8241155096366128  -371248.59540023381123
86.824	0.488	86.814	-9.866	1.768	14.397	-6.1133	1.575       1.434      1.420      -3.114      -10.355      -6.160      -6.0603	1549.6443986920089628  -371248.30119794368511
86.815	0.490	86.829	-7.906	0.861	15.024	-6.1245	1.571       1.424      1.414      -4.675      -9.190      -4.482      -6.0352	1551.0518720548084275  -371247.7535759434104
86.808	0.490	86.844	-5.073	-0.125	14.484	-6.1174	1.566       1.416      1.411      -6.046      -7.795      -2.425      -6.0082	1553.1437865715379303  -371248.14862140256446
86.805	0.489	86.858	-1.754	-1.200	12.989	-6.1053	1.559       1.409      1.410      -7.161      -6.193      -0.043      -5.9835	1555.3280966161482866  -371248.09929818758974
86.805	0.488	86.870	1.460	-2.242	10.799	-6.0955	1.551       1.404      1.411      -7.977      -4.418      2.579      -5.9650	1556.8499472814935416  -371248.09518715325976
86.808	0.485	86.879	4.239	-3.203	8.114	-6.0879	1.543       1.400      1.415      -8.473      -2.516      5.337      -5.9542	1557.2907944243127076  -371248.32734941359377
86.813	0.481	86.886	6.507	-4.360	5.125	-6.0810	1.534       1.399      1.421      -8.653      -0.560      8.115      -5.9388	1556.2393609597634168  -371248.71394043951295
86.821	0.476	86.889	8.103	-6.230	2.003	-6.0737	1.526       1.399      1.431      -8.536      1.357      10.805      -5.9127	1553.7747999522680402  -371247.39091028843541
86.830	0.469	86.890	8.881	-8.926	-1.020	-6.0707	1.517       1.401      1.443      -8.157      3.164      13.294      -5.8930	1550.9449407455178971  -371247.24175609351369
86.839	0.458	86.887	8.824	-12.130	-3.574	-6.0770	1.509       1.405      1.458      -7.575      4.813      15.445      -5.9035	1548.6869737879821969  -371246.8770028379513
86.847	0.445	86.883	7.874	-15.431	-5.193	-6.0882	1.502       1.411      1.474      -6.857      6.272      17.095      -5.9505	1547.7273299404666886  -371246.77553739293944
86.854	0.428	86.877	6.498	-18.339	-5.891	-6.0992	1.496       1.418      1.492      -6.073      7.514      18.103      -6.0198	1548.4090876548896176  -371246.60528198222164
86.860	0.408	86.871	5.356	-20.373	-5.901	-6.1074	1.490       1.426      1.510      -5.271      8.503      18.384      -6.0742	1550.4266021170683416  -371247.11433820257662
86.865	0.387	86.865	4.649	-21.498	-5.464	-6.1053	1.485       1.435      1.529      -4.476      9.190      17.929      -6.0904	1552.7821561851487786  -371247.90898209041916
86.870	0.365	86.860	4.411	-21.923	-4.898	-6.0936	1.481       1.444      1.546      -3.709      9.546      16.791      -6.0836	1554.3036951226260953  -371247.17180735379225
86.874	0.343	86.855	4.378	-21.915	-4.261	-6.0753	1.478       1.454      1.562      -2.995      9.580      15.051      -6.0631	1554.7960023983539486  -371246.67748640745413
86.878	0.321	86.852	4.188	-21.604	-3.586	-6.0528	1.475       1.463      1.576      -2.354      9.306      12.799      -6.0374	1554.613568672998781  -371246.01427583798068
86.882	0.300	86.848	3.347	-20.516	-2.889	-6.0146	1.473       1.473      1.588      -1.795      8.749      10.133      -6.0081	1554.2264927050644019  -371246.06127442826983
86.885	0.280	86.846	1.691	-18.283	-1.920	-5.9667	1.471       1.481      1.596      -1.323      7.943      7.162      -5.9790	1553.5324570645170752  -371246.20418715488631
86.886	0.263	86.844	-0.348	-15.109	-0.515	-5.9244	1.470       1.488      1.602      -0.945      6.925      4.001      -5.9558	1552.2641824332397391  -371245.88942153059179
86.884	0.250	86.845	-2.435	-11.362	1.126	-5.8960	1.470       1.495      1.604      -0.669      5.731      0.765      -5.9426	1550.7603057020880897  -371245.36754058662336
86.881	0.240	86.847	-4.450	-7.355	2.796	-5.8821	1.469       1.500      1.604      -0.499      4.390      -2.439      -5.9410	1549.6785196548682961  -371244.97598631063011
86.875	0.235	86.850	-6.388	-3.366	4.311	-5.8809	1.469       1.504      1.600      -0.435      2.929      -5.515      -5.9506	1549.3914062620708592  -371245.61848908703541
86.868	0.234	86.855	-8.223	0.300	5.472	-5.8906	1.468       1.506      1.593      -0.468      1.375      -8.385      -5.9694	1549.5995053768333491  -371245.47643476998201
86.859	0.236	86.861	-9.840	3.220	6.041	-5.9070	1.468       1.506      1.583      -0.591      -0.237      -10.983      -5.9937	1550.1204904764804269  -371245.47093780100113
86.848	0.240	86.867	-10.951	5.304	5.921	-5.9209	1.467       1.505      1.571      -0.790      -1.863      -13.255      -6.0190	1550.6676918159193974  -371245.12542664748617
86.837	0.246	86.873	-11.281	6.798	5.229	-5.9262	1.466       1.503      1.556      -1.043      -3.448      -15.160      -6.0417	1550.9807506807012487  -371245.53792733338196
86.826	0.254	86.878	-11.136	8.100	4.133	-5.9303	1.465       1.498      1.540      -1.326      -4.932      -16.683      -6.0499	1551.146493165919992  -371244.86693907115841
86.815	0.263	86.881	-10.912	9.464	2.781	-5.9394	1.463       1.493      1.523      -1.613      -6.255      -17.818      -6.0512	1551.5982162795594377  -371244.56665727507789
86.804	0.273	86.883	-10.480	10.777	1.437	-5.9539	1.462       1.486      1.505      -1.880      -7.364      -18.536      -6.0576	1552.6312326643226243  -371245.33556660456816
86.794	0.284	86.884	-9.722	11.939	0.333	-5.9723	1.460       1.478      1.486      -2.097      -8.215      -18.783      -6.0723	1553.8803809257317425  -371245.12952904438134
86.785	0.297	86.884	-8.709	12.866	-0.500	-5.9928	1.457       1.469      1.467      -2.237      -8.770      -18.500      -6.0908	1554.9993338621050043  -371245.81743814150104
86.776	0.310	86.883	-7.532	13.478	-1.080	-6.0130	1.455       1.460      1.449      -2.272      -9.005      -17.651      -6.1036	1555.802875800404081  -371245.1220342204906
86.769	0.324	86.882	-6.198	13.604	-1.436	-6.0299	1.453       1.451      1.432      -2.181      -8.907      -16.234      -6.1001	1556.6267701514329929  -371245.01661783392774
86.764	0.337	86.880	-4.405	12.823	-1.678	-6.0313	1.451       1.443      1.416      -1.940      -8.479      -14.290      -6.0717	1557.7146553303773544  -371246.12385488627478
86.761	0.349	86.879	-2.096	11.092	-2.023	-6.0226	1.449       1.434      1.403      -1.522      -7.736      -11.876      -6.0322	1558.2576414969921643  -371246.61500658054138
86.760	0.359	86.876	0.339	8.825	-2.612	-6.0141	1.448       1.427      1.393      -0.912      -6.709      -9.056      -5.9905	1557.7370764783638606  -371246.15997883945238
86.761	0.367	86.873	2.746	6.292	-3.350	-6.0116	1.447       1.421      1.385      -0.115      -5.451      -5.910      -5.9547	1556.2797602031716906  -371246.73258208332118
86.765	0.372	86.870	5.130	3.665	-4.081	-6.0190	1.448       1.416      1.381      0.840      -4.022      -2.534      -5.9303	1554.1095475384856854  -371246.03548849525396
86.772	0.374	86.865	7.435	1.069	-4.758	-6.0374	1.449       1.413      1.380      1.909      -2.492      0.968      -5.9211	1551.9165239528635993  -371245.72303668688983
86.780	0.374	86.860	9.556	-1.357	-5.367	-6.0657	1.451       1.411      1.383      3.037      -0.931      4.475      -5.9294	1550.3151184189364358  -371245.86449031939264
86.791	0.371	86.854	11.310	-3.398	-5.890	-6.0990	1.455       1.411      1.389      4.168      0.592      7.863      -5.9544	1549.1974622685147551  -371246.50371949642431
86.803	0.367	86.848	12.353	-4.679	-6.298	-6.1264	1.460       1.412      1.398      5.258      2.016      11.010      -5.9901	1547.9232808533986372  -371246.34264468378387
86.815	0.362	86.842	11.887	-4.403	-6.542	-6.1160	1.465       1.415      1.411      6.263      3.298      13.807      -6.0227	1546.4812141396562311  -371245.77849085041089
86.827	0.358	86.835	9.908	-2.613	-6.522	-6.0742	1.472       1.419      1.426      7.135      4.420      16.164      -6.0470	1545.5905663691387417  -371245.67210262722801
86.835	0.357	86.829	6.876	-0.136	-5.828	-6.0233	1.480       1.424      1.443      7.819      5.375      18.010      -6.0654	1545.588503436606743  -371246.29109793214593
86.840	0.358	86.824	2.945	2.685	-4.273	-5.9837	1.488       1.430      1.462      8.260      6.151      19.285      -6.0798	1546.2420886605950727  -371246.08755102328723
86.841	0.362	86.820	-1.419	5.669	-2.164	-5.9723	1.496       1.436      1.482      8.409      6.730      19.939      -6.0897	1547.3153220428719123  -371245.60461144399596
86.837	0.369	86.819	-5.829	8.652	0.205	-5.9985	1.505       1.443      1.502      8.224      7.097      19.934      -6.0941	1548.9933101324038489  -371246.05754420318408
86.829	0.380	86.821	-9.798	11.336	2.556	-6.0589	1.513       1.451      1.522      7.678      7.246      19.254      -6.0892	1550.8651918418781861  -371246.72082570631756
86.818	0.392	86.824	-12.466	13.095	4.553	-6.1240	1.520       1.458      1.540      6.761      7.168      17.922      -6.0594	1552.0932213286009755  -371246.74505859462079
86.805	0.406	86.830	-13.366	13.532	5.598	-6.1448	1.526       1.465      1.558      5.503      6.861      15.994      -6.0005	1552.6316286390631376  -371246.56323310290463
86.791	0.419	86.836	-13.261	12.892	5.498	-6.1342	1.531       1.471      1.572      3.991      6.342      13.551      -5.9140	1552.9042496338954606  -371246.1133004645817
86.778	0.432	86.841	-12.834	11.279	4.718	-6.1097	1.534       1.478      1.585      2.304      5.656      10.689      -5.8338	1553.2749493038850233  -371246.39059393951902
86.765	0.442	86.845	-11.956	8.497	3.688	-6.0722	1.536       1.483      1.594      0.465      4.885      7.521      -5.7863	1553.9337302117548916  -371246.51887831953354
86.754	0.449	86.848	-10.524	4.827	2.639	-6.0343	1.535       1.487      1.600      -1.545      4.103      4.167      -5.7830	1554.7024968513958356  -371246.70215858879965
86.744	0.451	86.850	-8.572	0.966	1.715	-6.0057	1.533       1.491      1.602      -3.751      3.350      0.753      -5.8121	1555.3187461822899422  -371246.73115609068191
86.737	0.450	86.852	-6.150	-2.457	1.093	-5.9906	1.528       1.494      1.601      -6.144      2.630      -2.598      -5.8593	1555.6102484034147437  -371246.68713555054273
86.732	0.446	86.852	-3.399	-4.991	0.991	-5.9857	1.520       1.496      1.597      -8.647      1.935      -5.766      -5.9044	1555.6045876870023221  -371246.28976235946175
86.730	0.440	86.854	-0.296	-6.524	1.038	-5.9828	1.510       1.498      1.590      -11.113      1.247      -8.645      -5.9328	1555.3489925415378821  -371246.65454977296758
86.732	0.433	86.855	3.105	-7.033	0.627	-5.9812	1.498       1.499      1.580      -13.401      0.553      -11.147      -5.9615	1554.5586926853052319  -371247.05982098099776
86.736	0.426	86.855	6.301	-6.493	-0.298	-5.9830	1.484       1.499      1.567      -15.392      -0.146      -13.199      -5.9892	1553.1641205159539822  -371246.68066375353374
86.744	0.420	86.854	8.822	-5.192	-1.615	-5.9884	1.467       1.498      1.553      -16.957      -0.830      -14.761      -6.0142	1551.4002289473148721  -371246.65845700661885
86.754	0.416	86.852	10.595	-3.645	-3.058	-5.9985	1.450       1.497      1.538      -17.972      -1.480      -15.830      -6.0398	1549.6635474654153768  -371246.35384278587298
86.765	0.413	86.848	11.659	-2.219	-4.184	-6.0104	1.431       1.496      1.522      -18.340      -2.077      -16.421      -6.0643	1548.5235906778848403  -371245.8405062018428
86.777	0.412	86.843	12.102	-1.110	-4.903	-6.0190	1.413       1.493      1.505      -18.015      -2.590      -16.564      -6.0775	1548.4382825177744962  -371245.97596668032929
86.790	0.411	86.838	12.018	-0.496	-5.422	-6.0222	1.395       1.490      1.489      -17.004      -2.972      -16.286      -6.0737	1549.8184785264199945  -371246.44518742203945
86.801	0.411	86.832	11.464	-0.390	-5.792	-6.0177	1.379       1.487      1.472      -15.356      -3.177      -15.615      -6.0573	1552.3560157049721511  -371247.70283166051377
86.812	0.410	86.826	10.631	-0.595	-6.055	-6.0101	1.365       1.484      1.457      -13.143      -3.177      -14.591      -6.0353	1554.5865490350279288  -371248.39051587833092
86.823	0.409	86.820	9.477	-0.839	-6.307	-6.0025	1.353       1.481      1.443      -10.449      -2.967      -13.265      -6.0113	1555.6179678953415078  -371248.86517911340343
86.831	0.408	86.814	7.464	-0.504	-6.606	-5.9811	1.344       1.478      1.431      -7.365      -2.546      -11.697      -5.9849	1555.4146924978881543  -371248.44757154182298
86.838	0.408	86.807	4.561	0.594	-6.922	-5.9600	1.338       1.476      1.420      -4.002      -1.920      -9.948      -5.9634	1554.120524030148772  -371248.4859292137553
86.841	0.410	86.800	1.329	2.012	-7.227	-5.9544	1.336       1.474      1.411      -0.497      -1.119      -8.083      -5.9549	1552.1558646699779729  -371248.70597481494769
86.840	0.412	86.793	-1.922	3.541	-7.502	-5.9657	1.337       1.474      1.404      3.002      -0.202      -6.174      -5.9624	1549.8000053645969274  -371248.66553825093433
86.837	0.417	86.785	-5.044	5.119	-7.733	-5.9909	1.342       1.474      1.399      6.350      0.763      -4.297      -5.9843	1547.7101174287613503  -371248.09980842255754
86.830	0.423	86.777	-7.980	6.697	-7.910	-6.0260	1.350       1.475      1.395      9.416      1.704      -2.524      -6.0178	1546.9960834406488175  -371248.23479491932085
86.821	0.430	86.769	-10.643	8.162	-8.019	-6.0668	1.361       1.477      1.393      12.082      2.559      -0.920      -6.0570	1547.9233970559103  -371249.07541621406563
86.809	0.439	86.761	-12.763	9.265	-8.047	-6.1049	1.374       1.480      1.393      14.255      3.286      0.468      -6.0954	1549.6533999373691586  -371250.15845383383567
86.795	0.449	86.753	-13.783	9.421	-7.909	-6.1206	1.389       1.484      1.394      15.873      3.870      1.614      -6.1250	1551.0593878670993035  -371250.59371777437627
86.781	0.458	86.745	-13.174	7.962	-7.368	-6.0856	1.406       1.488      1.397      16.922      4.316      2.511      -6.1373	1551.6259482422522069  -371251.21156236651586
86.769	0.465	86.738	-11.242	5.014	-6.475	-6.0264	1.423       1.492      1.399      17.428      4.624      3.162      -6.1349	1551.320979254922122  -371250.94583408959443
86.759	0.468	86.732	-8.607	1.210	-5.534	-5.9678	1.440       1.497      1.403      17.446      4.779      3.576      -6.1127	1550.2754040533936859  -371250.96728579874616
86.752	0.467	86.727	-5.302	-2.876	-4.406	-5.9219	1.458       1.502      1.407      17.029      4.768      3.770      -6.0823	1548.9131486930541541  -371250.80965288984589
86.748	0.462	86.724	-1.416	-6.679	-3.027	-5.8976	1.474       1.507      1.410      16.206      4.596      3.772      -6.0549	1547.6818768829011788  -371250.85347128129797
86.749	0.454	86.721	2.701	-9.894	-1.607	-5.8961	1.490       1.511      1.414      14.991      4.286      3.620      -6.0381	1546.6907829993010637  -371251.25387922499795
86.754	0.442	86.720	6.750	-12.489	-0.093	-5.9150	1.504       1.515      1.418      13.402      3.868      3.353      -6.0339	1545.8900752042511613  -371251.51059683901258
86.762	0.429	86.721	10.392	-14.357	1.590	-5.9467	1.517       1.519      1.421      11.471      3.375      3.009      -6.0373	1545.575194599077804  -371251.55970838782378
86.774	0.414	86.723	13.134	-15.166	3.324	-5.9756	1.527       1.522      1.424      9.264      2.834      2.622      -6.0389	1546.2572568735838558  -371251.57827555044787
86.789	0.398	86.728	14.656	-15.022	4.738	-5.9852	1.536       1.525      1.426      6.866      2.273      2.226      -6.0384	1547.9100479267315222  -371252.32225840055617
86.804	0.384	86.733	15.111	-14.448	5.501	-5.9793	1.541       1.527      1.428      4.359      1.713      1.847      -6.0412	1549.929593279587607  -371252.54467365983874
86.819	0.369	86.739	15.003	-13.674	5.874	-5.9643	1.544       1.528      1.430      1.820      1.171      1.503      -6.0475	1551.9479094638256811  -371253.1931522450177
86.834	0.356	86.745	14.636	-12.678	6.161	-5.9464	1.545       1.529      1.431      -0.674      0.652      1.208      -6.0554	1553.6563184819808612  -371253.70056504273089
86.848	0.344	86.751	13.523	-11.002	6.359	-5.9133	1.543       1.529      1.432      -3.053      0.154      0.977      -6.0592	1554.6298154665862512  -371254.27643842948601
86.861	0.334	86.757	11.449	-8.406	6.444	-5.8720	1.539       1.529      1.433      -5.257      -0.313      0.823      -6.0543	1554.6883934380950905  -371254.75408305553719
86.871	0.327	86.764	8.882	-4.954	5.985	-5.8327	1.532       1.529      1.434      -7.229      -0.728      0.754      -6.0447	1554.0353571288021612  -371254.24401065596612
86.878	0.324	86.769	6.176	-0.822	4.788	-5.8094	1.524       1.528      1.435      -8.916      -1.076      0.777      -6.0373	1553.028089240060126  -371254.56503176491242
86.883	0.326	86.773	3.499	3.509	3.190	-5.8091	1.515       1.527      1.435      -10.273      -1.365      0.895      -6.0369	1552.1829341752265918  -371254.09111178887542
86.885	0.331	86.776	0.905	7.780	1.391	-5.8272	1.504       1.525      1.436      -11.269      -1.620      1.106      -6.0443	1552.0477047604465497  -371254.69991947821109
86.885	0.341	86.776	-1.565	11.825	-0.500	-5.8571	1.492       1.523      1.438      -11.890      -1.870      1.398      -6.0617	1552.5330751454780511  -371255.43495083169546
86.882	0.355	86.775	-3.799	15.432	-2.397	-5.8937	1.480       1.521      1.439      -12.137      -2.130      1.751      -6.0882	1553.0369789489473078  -371255.83301648724591
86.878	0.372	86.771	-5.535	18.199	-4.147	-5.9287	1.468       1.519      1.441      -12.025      -2.391      2.131      -6.1181	1552.9259041340812928  -371256.6280221369816
86.871	0.391	86.766	-6.517	19.615	-5.443	-5.9427	1.456       1.516      1.443      -11.591      -2.625      2.501      -6.1303	1551.989179197154499  -371256.00163807516219
86.864	0.411	86.761	-7.119	19.412	-5.546	-5.9260	1.445       1.514      1.446      -10.892      -2.797      2.824      -6.1129	1550.7423397123277482  -371255.79177820117911
86.857	0.430	86.755	-7.769	17.994	-4.376	-5.8847	1.434       1.511      1.449      -9.970      -2.890      3.089      -6.0828	1549.908763614998179  -371256.30696265702136
86.849	0.447	86.752	-8.568	15.735	-2.561	-5.8335	1.425       1.508      1.452      -8.830      -2.907      3.299      -6.0532	1549.4765170329978901  -371256.62530144560151
86.840	0.462	86.750	-9.439	12.666	-0.241	-5.7791	1.416       1.505      1.456      -7.467      -2.861      3.461      -6.0277	1549.1774752900901149  -371256.72780310246162
86.830	0.473	86.751	-10.011	9.020	2.574	-5.7315	1.410       1.502      1.459      -5.881      -2.766      3.562      -6.0184	1548.9221665103134455  -371257.33843502268428
86.820	0.480	86.755	-10.110	5.068	5.687	-5.7038	1.405       1.500      1.463      -4.089      -2.643      3.562      -6.0253	1548.5014010539812261  -371257.42235593288206
86.810	0.483	86.763	-9.832	1.069	8.881	-5.7064	1.401       1.497      1.466      -2.137      -2.514      3.413      -6.0381	1548.1071397345058358  -371257.45731812209124
86.800	0.482	86.773	-9.333	-2.668	11.825	-5.7435	1.400       1.495      1.470      -0.099      -2.399      3.090      -6.0483	1548.2263254515771678  -371257.80117520445492
86.791	0.477	86.786	-8.721	-5.811	13.666	-5.7974	1.401       1.492      1.472      1.964      -2.316      2.608      -6.0517	1548.9263655772829225  -371258.33879308408359
86.783	0.470	86.801	-8.129	-8.253	13.927	-5.8373	1.404       1.490      1.475      4.007      -2.266      2.022      -6.0428	1550.1395450691943552  -371258.40082884265576
86.775	0.461	86.814	-7.555	-10.343	13.290	-5.8752	1.409       1.488      1.477      5.962      -2.240      1.392      -6.0381	1551.7134963669557237  -371259.57639124477282
86.768	0.450	86.827	-6.875	-12.242	12.423	-5.9153	1.416       1.485      1.478      7.744      -2.230      0.761      -6.0450	1552.9993294683461045  -371259.70719985029427
86.761	0.436	86.839	-5.770	-13.434	11.499	-5.9480	1.425       1.483      1.478      9.266      -2.229      0.165      -6.0599	1553.6984255778270381  -371259.74208062351681
86.756	0.423	86.850	-3.821	-13.551	10.451	-5.9657	1.435       1.481      1.478      10.470      -2.231      -0.357      -6.0747	1554.1107569954463088  -371259.80879604333313
86.754	0.409	86.860	-0.958	-12.677	9.131	-5.9697	1.446       1.479      1.477      11.332      -2.224      -0.775      -6.0820	1554.2958460239408396  -371260.21878888068022
86.754	0.397	86.868	2.503	-11.124	7.551	-5.9751	1.457       1.477      1.476      11.861      -2.198      -1.068      -6.0821	1554.2124715446550454  -371260.33187111356528
86.759	0.387	86.875	6.085	-9.092	5.617	-5.9919	1.469       1.474      1.475      12.071      -2.143      -1.224      -6.0807	1554.1877843624249635  -371261.23083311010851
86.766	0.379	86.880	9.288	-6.678	3.416	-6.0194	1.482       1.472      1.474      11.973      -2.053      -1.239      -6.0780	1553.9480613065736634  -371261.94188754237257
86.777	0.374	86.882	11.499	-4.250	1.423	-6.0473	1.493       1.470      1.473      11.580      -1.921      -1.114      -6.0742	1553.0793727325451528  -371262.47150027699536
86.789	0.371	86.882	12.494	-2.208	-0.167	-6.0575	1.505       1.468      1.472      10.901      -1.747      -0.852      -6.0689	1551.8210142379286935  -371262.45863168081269
86.802	0.369	86.882	12.789	-0.509	-1.406	-6.0503	1.515       1.467      1.471      9.941      -1.538      -0.455      -6.0629	1550.7851222173192127  -371262.21678581845481
86.815	0.370	86.880	12.763	0.986	-2.171	-6.0248	1.525       1.465      1.471      8.708      -1.298      0.064      -6.0566	1550.2803106372425646  -371263.33549428463448
86.828	0.371	86.877	12.386	2.369	-2.373	-5.9778	1.533       1.464      1.471      7.216      -1.031      0.690      -6.0505	1549.950585273209299  -371263.74116568121826
86.840	0.374	86.875	11.653	4.003	-2.029	-5.9131	1.539       1.463      1.472      5.489      -0.732      1.402      -6.0455	1549.6573810153429349  -371264.19376789167291
86.851	0.379	86.873	10.466	5.988	-1.349	-5.8415	1.544       1.463      1.474      3.565      -0.390      2.177      -6.0414	1549.5224393656033044  -371263.97346429625759
86.861	0.386	86.872	8.340	7.812	-0.780	-5.7705	1.546       1.462      1.477      1.493      0.024      3.007      -6.0221	1549.7015697527783686  -371265.19927269895561
86.868	0.395	86.872	5.060	9.023	-0.616	-5.7120	1.547       1.463      1.480      -0.665      0.547      3.890      -5.9893	1549.8503314171143757  -371265.72358149121283
86.871	0.404	86.871	1.018	9.608	-0.909	-5.6806	1.545       1.464      1.484      -2.846      1.189      4.802      -5.9651	1549.6537443536988121  -371265.65098449529614
86.870	0.414	86.870	-3.340	9.677	-1.592	-5.6831	1.541       1.465      1.490      -4.989      1.927      5.693      -5.9680	1549.4553719034340702  -371266.13753317884402
86.864	0.424	86.868	-7.566	9.484	-2.434	-5.7177	1.535       1.467      1.496      -7.040      2.711      6.491      -6.0039	1549.4532169739466099  -371266.29396713746246
86.855	0.433	86.865	-11.199	9.288	-3.174	-5.7724	1.527       1.471      1.503      -8.946      3.485      7.133      -6.0609	1549.6289163750304851  -371267.02686905692099
86.842	0.442	86.861	-13.761	9.260	-3.606	-5.8277	1.517       1.474      1.510      -10.652      4.206      7.581      -6.1119	1549.7673914472077286  -371267.23696185275912
86.827	0.452	86.858	-15.206	9.384	-3.715	-5.8646	1.505       1.479      1.518      -12.107      4.859      7.831      -6.1332	1549.9092374763977205  -371267.02792486950057
86.811	0.461	86.854	-16.061	9.395	-3.756	-5.8855	1.493       1.484      1.526      -13.267      5.429      7.886      -6.1444	1550.1104108672113853  -371267.94931001652731
86.795	0.470	86.850	-16.292	8.782	-3.851	-5.8861	1.479       1.490      1.533      -14.100      5.877      7.741      -6.1453	1549.956816649216762  -371268.29226185253356
86.779	0.479	86.846	-15.550	7.210	-3.937	-5.8601	1.465       1.496      1.541      -14.579      6.153      7.386      -6.1330	1549.5036520530436519  -371268.29988633125322
86.764	0.485	86.842	-14.049	4.897	-3.968	-5.8189	1.450       1.502      1.548      -14.681      6.211      6.800      -6.1088	1549.2739502394831561  -371268.9934934717021
86.751	0.488	86.838	-12.106	2.081	-4.007	-5.7720	1.435       1.508      1.555      -14.407      6.010      5.956      -6.0787	1549.4933831172479586  -371269.38117060798686
86.740	0.489	86.834	-9.895	-1.250	-3.972	-5.7256	1.421       1.514      1.560      -13.779      5.523      4.839      -6.0502	1549.6545850021655042  -371270.66691199387424
86.731	0.486	86.830	-7.407	-5.068	-3.793	-5.6866	1.408       1.519      1.564      -12.834      4.737      3.452      -6.0294	1549.3811895979738438  -371270.86206366983242
86.725	0.479	86.827	-4.569	-9.170	-3.601	-5.6644	1.395       1.524      1.567      -11.623      3.658      1.819      -6.0200	1549.0570911611589509  -371270.94766069290927
86.722	0.468	86.823	-1.492	-13.261	-3.414	-5.6693	1.384       1.527      1.568      -10.213      2.308      -0.024      -6.0211	1548.8787733593626399  -371271.68472378974548
86.722	0.452	86.820	1.471	-16.890	-3.188	-5.7048	1.375       1.528      1.567      -8.669      0.722      -2.030      -6.0260	1548.6080796749861292  -371271.70265789167024
86.725	0.434	86.817	3.714	-19.270	-2.871	-5.7538	1.367       1.528      1.564      -7.048      -1.054      -4.140      -6.0269	1548.287015731931433  -371272.01778870663838
86.729	0.414	86.814	5.135	-19.955	-2.563	-5.7886	1.361       1.526      1.559      -5.390      -2.957      -6.276      -6.0233	1548.2347076865078179  -371271.93881957529811
86.735	0.394	86.812	6.154	-19.130	-2.532	-5.8157	1.356       1.522      1.551      -3.734      -4.901      -8.352      -6.0230	1548.6856436277525972  -371272.1830395538127
86.741	0.376	86.809	6.940	-17.215	-2.733	-5.8412	1.353       1.516      1.542      -2.125      -6.802      -10.277      -6.0272	1549.6446021860408564  -371272.54757099907147
86.749	0.359	86.806	7.614	-14.675	-3.045	-5.8734	1.352       1.509      1.531      -0.598      -8.586      -11.968      -6.0380	1551.0191245848961898  -371273.13091817888198
86.757	0.346	86.803	8.265	-11.800	-3.485	-5.9167	1.352       1.499      1.518      0.827      -10.203      -13.354      -6.0548	1552.4543684982907052  -371274.44333634199575
86.765	0.336	86.799	8.863	-8.842	-4.010	-5.9726	1.354       1.488      1.504      2.138      -11.620      -14.380      -6.0767	1553.2674378394744963  -371274.76595894625643
86.774	0.328	86.795	9.373	-6.103	-4.571	-6.0394	1.356       1.476      1.489      3.330      -12.818      -15.002      -6.1000	1553.5241521254197323  -371274.58274888125015
86.784	0.324	86.790	9.755	-3.997	-5.061	-6.1083	1.360       1.463      1.474      4.404      -13.777      -15.193      -6.1184	1554.0246366930102795  -371275.61931207886664
86.794	0.320	86.785	9.975	-2.943	-5.269	-6.1628	1.365       1.448      1.459      5.361      -14.476      -14.947      -6.1230	1554.7213177847163479  -371276.00163741491269
86.804	0.318	86.780	10.014	-2.585	-5.143	-6.1989	1.371       1.434      1.444      6.155      -14.893      -14.280      -6.0757	1555.32895140160349  -371275.92891068453901
86.814	0.315	86.775	9.866	-2.461	-4.712	-6.2209	1.378       1.419      1.430      6.706      -15.024      -13.219      -5.9896	1555.7815271732031306  -371277.45183940359857
86.824	0.313	86.770	9.388	-2.735	-3.949	-6.2263	1.384       1.404      1.418      6.998      -14.878      -11.802      -5.8989	1555.5490644144549606  -371278.48866949602962
86.833	0.310	86.767	8.327	-3.555	-2.944	-6.2122	1.392       1.389      1.407      7.089      -14.461      -10.065      -5.8178	1554.3807006721397102  -371278.9439869914786
86.840	0.306	86.764	6.813	-4.672	-1.817	-6.1844	1.399       1.375      1.398      7.081      -13.775      -8.061      -5.7676	1552.5312469719085584  -371279.47666461940389
86.846	0.300	86.763	5.078	-5.378	-0.697	-6.1469	1.406       1.361      1.391      7.085      -12.818      -5.877      -5.7618	1550.1732585118002135  -371279.82732540625148
86.851	0.295	86.763	3.112	-5.096	0.302	-6.1019	1.413       1.349      1.386      7.207      -11.583      -3.619      -5.7988	1547.8830235369916863  -371280.36566596763441
86.853	0.290	86.764	0.959	-3.657	1.199	-6.0579	1.420       1.338      1.383      7.522      -10.067      -1.389      -5.8641	1546.3145518590831671  -371281.28029109770432
86.852	0.288	86.765	-1.138	-1.121	1.986	-6.0246	1.428       1.329      1.383      8.053      -8.275      0.733      -5.9314	1545.3042616288735189  -371281.87098925630562
86.850	0.288	86.768	-2.794	2.274	2.613	-6.0078	1.436       1.322      1.385      8.748      -6.232      2.698      -5.9677	1544.6269503145872477  -371282.48345363308908
86.847	0.292	86.771	-3.962	5.964	3.090	-6.0098	1.445       1.316      1.389      9.504      -3.982      4.478      -5.9699	1544.5339055718720829  -371283.17529092327459
86.842	0.300	86.774	-4.761	9.410	3.369	-6.0287	1.455       1.314      1.394      10.250      -1.573      6.054      -5.9742	1545.1014896770132054  -371283.98019504483091
86.837	0.311	86.777	-5.235	12.309	3.503	-6.0558	1.466       1.313      1.401      10.953      0.955      7.398      -5.9824	1545.9639890324899625  -371284.86870683910092
86.832	0.325	86.781	-5.433	14.362	3.584	-6.0804	1.477       1.315      1.409      11.575      3.557      8.478      -5.9932	1546.8827923127259965  -371285.97053207468707
86.826	0.340	86.784	-5.345	15.255	3.682	-6.0907	1.489       1.320      1.418      12.076      6.181      9.260      -6.0049	1547.7221926871891355  -371286.91139916196698
86.821	0.355	86.788	-5.165	15.132	3.916	-6.0824	1.501       1.328      1.427      12.411      8.765      9.709      -6.0172	1548.1316957177261884  -371287.72976634639781
86.816	0.370	86.792	-4.853	14.564	4.333	-6.0637	1.514       1.338      1.437      12.542      11.238      9.794      -6.0293	1548.1876408199602793  -371288.43857135542203
86.812	0.384	86.797	-4.209	13.846	4.891	-6.0392	1.526       1.350      1.447      12.441      13.527      9.489      -6.0389	1547.940418674304965  -371288.53417086554691
86.808	0.398	86.802	-3.335	12.871	5.380	-6.0109	1.539       1.365      1.456      12.098      15.560      8.794      -6.0429	1547.4774014840938889  -371288.94445437146351
86.805	0.410	86.808	-2.374	11.306	5.343	-5.9744	1.551       1.381      1.464      11.552      17.273      7.730      -6.0226	1547.4043033390494202  -371289.45077787199989
86.803	0.420	86.813	-1.456	9.092	4.602	-5.9374	1.562       1.399      1.471      10.857      18.603      6.338      -5.9877	1547.9097780516588045  -371290.68368959747022
86.802	0.428	86.817	-0.651	6.508	3.349	-5.9081	1.572       1.419      1.477      10.032      19.509      4.667      -5.9551	1548.5763126641500094  -371291.32228548830608
86.802	0.433	86.819	0.112	3.784	1.644	-5.8897	1.582       1.438      1.481      9.051      19.974      2.781      -5.9363	1548.8909395499726998  -371292.41747103870148
86.802	0.436	86.820	0.996	1.095	-0.361	-5.8835	1.590       1.459      1.483      7.862      20.005      0.765      -5.9376	1548.5312470431408656  -371292.79034432774642
86.804	0.436	86.819	2.039	-1.407	-2.367	-5.8901	1.598       1.478      1.482      6.409      19.619      -1.270      -5.9579	1547.6630195518168875  -371293.28798239334719
86.806	0.433	86.815	3.112	-3.525	-4.130	-5.9079	1.603       1.498      1.480      4.655      18.829      -3.203      -5.9856	1547.0262896842282316  -371293.03491513663903
86.810	0.428	86.810	4.050	-4.996	-5.319	-5.9313	1.607       1.516      1.476      2.615      17.636      -4.923      -5.9997	1547.1522303728647785  -371294.68235570419347
86.814	0.423	86.805	4.733	-5.837	-5.800	-5.9539	1.608       1.533      1.470      0.365      16.047      -6.346      -5.9926	1547.4947356134161964  -371295.28294325683964
86.819	0.417	86.799	5.217	-6.385	-5.869	-5.9780	1.608       1.548      1.463      -2.017      14.085      -7.423      -5.9884	1547.8355087388388256  -371295.71609115431784
86.825	0.410	86.793	5.642	-6.801	-5.791	-6.0033	1.604       1.561      1.455      -4.477      11.797      -8.128      -5.9876	1548.3723603748048845  -371296.89828004455194
86.831	0.403	86.787	5.820	-7.060	-5.439	-6.0263	1.599       1.572      1.447      -6.959      9.242      -8.469      -5.9874	1548.8740009095120058  -371297.45963779528392
86.836	0.396	86.782	5.509	-7.143	-4.652	-6.0429	1.590       1.580      1.438      -9.401      6.491      -8.471      -5.9861	1549.1694279969092349  -371299.01407105458202
86.842	0.389	86.778	4.753	-7.049	-3.485	-6.0530	1.580       1.585      1.430      -11.735      3.619      -8.171      -5.9912	1549.3099309379222177  -371299.15782981395023
86.846	0.382	86.775	3.661	-6.783	-2.068	-6.0578	1.567       1.587      1.422      -13.897      0.706      -7.613      -6.0046	1549.5742734035234207  -371300.0495565024903
86.849	0.375	86.774	2.348	-6.355	-0.532	-6.0596	1.552       1.586      1.415      -15.828      -2.166      -6.841      -6.0241	1550.1432618757596629  -371300.67087781609735
86.851	0.369	86.774	0.929	-5.781	0.990	-6.0603	1.535       1.583      1.408      -17.478      -4.923      -5.906      -6.0459	1550.9305088641688144  -371301.73236684367293
86.851	0.364	86.776	-0.464	-4.989	2.442	-6.0612	1.517       1.576      1.403      -18.794      -7.498      -4.865      -6.0673	1551.506248333900885  -371302.75523002503905
86.850	0.359	86.779	-1.683	-3.675	3.972	-6.0570	1.498       1.568      1.399      -19.722      -9.827      -3.768      -6.0847	1551.4231005666929377  -371303.70751986466348
86.847	0.356	86.784	-2.589	-1.716	5.559	-6.0484	1.478       1.557      1.395      -20.208      -11.854      -2.659      -6.0988	1550.5173777029642679  -371304.44389960158151
86.845	0.356	86.790	-3.264	0.649	7.074	-6.0409	1.457       1.544      1.393      -20.212      -13.529      -1.563      -6.1088	1548.9600007448068482  -371304.92030886409339
86.841	0.358	86.798	-3.925	3.150	8.522	-6.0415	1.437       1.530      1.392      -19.705      -14.806      -0.498      -6.1131	1547.3564435101413892  -371305.63319974613842
86.837	0.362	86.807	-4.639	5.532	9.762	-6.0494	1.418       1.514      1.392      -18.673      -15.649      0.531      -6.1085	1546.1710461686814142  -371306.25706313311821
86.832	0.369	86.817	-5.390	7.971	10.114	-6.0515	1.400       1.498      1.393      -17.107      -16.030      1.525      -6.0881	1545.5425527729610167  -371306.99316281708889
86.826	0.378	86.827	-6.176	10.519	8.960	-6.0381	1.384       1.482      1.395      -15.008      -15.932      2.492      -6.0502	1545.502734193382139  -371307.36808280932019
86.819	0.390	86.835	-6.823	11.976	5.839	-5.9972	1.370       1.467      1.398      -12.350      -15.343      3.434      -5.9620	1545.9061389896967285  -371308.79480663564755
86.812	0.402	86.839	-6.974	11.647	1.088	-5.9390	1.359       1.452      1.402      -9.104      -14.272      4.338      -5.8299	1546.2866514836107399  -371309.83857713121688
86.805	0.413	86.837	-6.550	10.102	-4.185	-5.8990	1.352       1.438      1.407      -5.358      -12.767      5.167      -5.7205	1545.9622939485693678  -371310.84072406316409
86.799	0.422	86.831	-5.782	7.865	-9.476	-5.8923	1.348       1.426      1.413      -1.348      -10.918      5.864      -5.6724	1545.074533341598908  -371310.59557585068978
86.794	0.429	86.819	-4.859	5.266	-14.526	-5.9213	1.349       1.416      1.419      2.614      -8.828      6.351      -5.6995	1544.6079048673593661  -371311.16348191519501
86.789	0.433	86.802	-3.851	2.528	-19.017	-5.9802	1.354       1.408      1.425      6.214      -6.595      6.552      -5.7920	1545.2945532931476009  -371311.69052694970742
86.786	0.434	86.781	-2.826	-0.028	-22.379	-6.0522	1.361       1.403      1.432      9.216      -4.301      6.405      -5.9097	1547.2889729721246113  -371313.24351098778425
86.784	0.433	86.757	-1.666	-1.829	-23.427	-6.0895	1.372       1.400      1.438      11.543      -2.009      5.885      -5.9832	1549.9820937996305474  -371314.66902732750168
86.783	0.430	86.734	-0.287	-3.014	-21.917	-6.0572	1.384       1.399      1.444      13.244      0.248      5.015      -5.9984	1552.5213673750504313  -371316.01645374682266
86.783	0.427	86.713	1.075	-4.193	-18.635	-6.0014	1.398       1.400      1.448      14.365      2.449      3.859      -6.0061	1554.0437658398770964  -371316.82448569504777
86.785	0.422	86.696	2.250	-5.368	-14.130	-5.9485	1.413       1.404      1.451      14.915      4.562      2.487      -6.0127	1554.2823636402886223  -371317.5967308129766
86.788	0.416	86.685	3.258	-6.318	-9.059	-5.9179	1.428       1.409      1.453      14.918      6.543      0.981      -6.0213	1553.3200821082377843  -371318.90519237401895
86.791	0.409	86.678	4.157	-6.868	-3.880	-5.9174	1.443       1.417      1.453      14.407      8.337      -0.575      -6.0314	1551.3072267925649612  -371319.21841773018241
86.796	0.402	86.677	4.937	-6.935	1.137	-5.9456	1.457       1.426      1.452      13.406      9.882      -2.092      -6.0375	1548.88552557686603  -371319.63504069705959
86.801	0.395	86.681	5.482	-6.568	5.387	-5.9886	1.470       1.437      1.449      11.921      11.120      -3.491      -6.0285	1546.9312268050332477  -371319.80020190984942
86.807	0.389	86.688	5.676	-5.921	8.205	-6.0189	1.481       1.448      1.445      9.964      12.010      -4.708      -6.0075	1546.1252025123581006  -371320.95010672707576
86.813	0.384	86.697	5.481	-5.298	10.075	-6.0384	1.490       1.461      1.440      7.585      12.528      -5.694      -5.9820	1546.1802640771541064  -371322.5950698715169
86.818	0.378	86.708	4.905	-4.950	11.635	-6.0525	1.496       1.473      1.434      4.876      12.659      -6.408      -5.9615	1546.3696402849056994  -371323.78854153444991
86.822	0.374	86.720	3.905	-4.755	12.805	-6.0586	1.500       1.486      1.427      1.974      12.407      -6.842      -5.9586	1546.2976119940306035  -371324.81293484277558
86.826	0.369	86.734	2.234	-4.438	13.340	-6.0519	1.500       1.498      1.420      -0.957      11.807      -7.022      -5.9750	1546.06500542699996  -371325.80915485747391
86.827	0.365	86.747	-0.128	-3.845	13.055	-6.0333	1.498       1.510      1.413      -3.750      10.922      -7.008      -6.0054	1545.8538137291141084  -371326.58425401826389
86.826	0.361	86.760	-2.759	-2.909	12.068	-6.0079	1.493       1.520      1.406      -6.267      9.822      -6.864      -6.0422	1545.6837342795317909  -371327.56450259685516
86.821	0.359	86.771	-5.256	-1.558	10.635	-5.9787	1.485       1.529      1.399      -8.432      8.553      -6.629      -6.0668	1545.5327664669384831  -371328.26617260207422
