   Step          Temp          PotEng         KinEng         TotEng         Press     
         0   1130.7614     -2781.2863      124.96884     -2656.3174     -105.11527    
        10   1121.3348     -2780.2186      123.92704     -2656.2916      59.060484    
        20   1112.6649     -2779.1537      122.96886     -2656.1848      215.97648    
        30   1107.4842     -2778.3574      122.3963      -2655.9611      268.84294    
        40   1108.1256     -2778.0183      122.46718     -2655.5511      163.03074    
        50   1115.5909     -2778.2878      123.29223     -2654.9955     -133.30772    
        60   1126.9219     -2778.8582      124.5445      -2654.3137     -384.86471    
        70   1137.1428     -2779.1951      125.67409     -2653.521      -475.52823    
        80   1143.0042     -2778.8214      126.32188     -2652.4995     -331.89297    
        90   1144.2685     -2778.0043      126.46161     -2651.5427      77.2842      
       100   1145.2968     -2777.1619      126.57525     -2650.5867      562.49416    
       110   1150.9603     -2776.8813      127.20117     -2649.6801      906.40497    
       120   1160.989      -2777.1221      128.30951     -2648.8126      1070.634     
       130   1172.4659     -2777.5877      129.57791     -2648.0098      1057.3968    
       140   1183.6142     -2778.1148      130.80999     -2647.3048      911.15624    
       150   1194.0405     -2778.7837      131.96228     -2646.8215      699.64275    
       160   1202.4337     -2779.3476      132.88987     -2646.4577      425.0451     
       170   1207.4074     -2779.6362      133.43956     -2646.1967      199.12425    
       180   1208.1051     -2779.5562      133.51666     -2646.0396      62.510289    
       190   1206.4824     -2779.3764      133.33733     -2646.039       66.71063     
       200   1203.7358     -2779.0099      133.03378     -2645.9761      118.4371     
       210   1199.2875     -2778.6081      132.54216     -2646.0659      206.02917    
       220   1193.0229     -2778.0186      131.84981     -2646.1688      287.87553    
       230   1187.6436     -2777.6484      131.25531     -2646.3931      441.85013    
       240   1184.6631     -2777.5228      130.92592     -2646.5968      561.32727    
       250   1182.3335     -2777.5192      130.66845     -2646.8508      652.64349    
       260   1176.4192     -2777.1188      130.01482     -2647.104       704.05645    
       270   1163.6029     -2775.9701      128.59839     -2647.3717      763.22947    
       280   1146.1571     -2774.1769      126.67033     -2647.5065      896.49283    
       290   1128.3062     -2772.3518      124.69749     -2647.6543      943.47132    
       300   1115.4494     -2770.9945      123.27659     -2647.7179      939.91584    
       310   1111.1693     -2770.4352      122.80357     -2647.6316      785.36021    
       320   1115.2478     -2770.7077      123.25431     -2647.4534      605.37136    
       330   1124.2704     -2771.3742      124.25147     -2647.1227      312.49838    
       340   1134.0697     -2772.0497      125.33447     -2646.7152      131.99542    
       350   1142.7303     -2772.4584      126.29161     -2646.1668      0.53790651   
       360   1150.732      -2772.6829      127.17593     -2645.507      -4.3398381    
       370   1158.7583     -2772.8661      128.06298     -2644.8032      220.83029    
       380   1166.7692     -2772.9602      128.94832     -2644.0119      570.90855    
       390   1175.4349     -2773.1084      129.90603     -2643.2024      931.42968    
       400   1186.7703     -2773.6277      131.15879     -2642.4689      1089.2433    
       410   1202.3424     -2774.5758      132.87978     -2641.6961      984.31654    
       420   1221.1179     -2775.9786      134.95481     -2641.0238      652.62848    
       430   1237.4911     -2777.2969      136.76433     -2640.5326      322.42873    
       440   1246.98       -2778.0461      137.81302     -2640.2331      149.01026    
       450   1249.322      -2778.2091      138.07185     -2640.1373      210.81724    
       460   1245.7403     -2777.8154      137.67601     -2640.1394      437.77876    
       470   1237.8833     -2777.1666      136.80768     -2640.3589      739.79009    
       480   1226.8554     -2776.2498      135.58889     -2640.6609      1090.4918    
       490   1213.3276     -2775.1682      134.09385     -2641.0743      1330.2602    
       500   1198.8704     -2774.0732      132.49607     -2641.5772      1595.2799    
       510   1186.756      -2773.2403      131.15722     -2642.0831      1804.8523    
       520   1179.1154     -2773.0172      130.3128      -2642.7044      1984.7201    
       530   1174.8568     -2773.0711      129.84214     -2643.2289      2063.0603    
       540   1172.3734     -2773.255       129.56768     -2643.6873      1911.8836    
       550   1170.9441     -2773.5011      129.40972     -2644.0914      1653.9292    
       560   1171.3493     -2773.9044      129.4545      -2644.4499      1200.8375    
       570   1174.4876     -2774.5117      129.80134     -2644.7104      603.44182    
       580   1180.3556     -2775.4559      130.44986     -2645.006       122.6882     
       590   1186.4282     -2776.4199      131.12099     -2645.2989     -190.40816    
       600   1188.4008     -2776.8753      131.33899     -2645.5363     -297.68426    
       610   1183.1892     -2776.6125      130.76302     -2645.8495     -148.50061    
       620   1174.1996     -2775.7783      129.76952     -2646.0088      15.467452    
       630   1166.7311     -2775.1975      128.94412     -2646.2534      124.68078    
       640   1164.5142     -2775.0589      128.69911     -2646.3598      81.403021    
       650   1169.232      -2775.6788      129.22051     -2646.4583     -162.44002    
       660   1179.1759     -2776.8518      130.31948     -2646.5323     -607.95013    
       670   1191.7603     -2778.3195      131.71028     -2646.6093     -1188.9567    
       680   1205.3655     -2779.9163      133.21389     -2646.7024     -1795.233     
       690   1217.5742     -2781.4302      134.56316     -2646.867      -2198.8638    
       700   1224.9175     -2782.488       135.37473     -2647.1132     -2415.2636    
       710   1222.4512     -2782.5647      135.10215     -2647.4626     -2407.9142    
       720   1206.8898     -2781.2767      133.38235     -2647.8943     -2127.4466    
       730   1180.8934     -2778.8006      130.50929     -2648.2913     -1694.5137    
       740   1153.3483     -2776.2486      127.46508     -2648.7836     -1176.6221    
       750   1133.0893     -2774.3577      125.22612     -2649.1316     -803.91928    
       760   1125.0852     -2773.7024      124.34152     -2649.3609     -741.0992     
       770   1130.5668     -2774.486       124.94733     -2649.5387     -1048.1733    
       780   1146.9371     -2776.3363      126.75653     -2649.5798     -1583.5513    
       790   1167.4818     -2778.6629      129.02708     -2649.6358     -2177.4069    
       800   1185.4838     -2780.6331      131.01661     -2649.6165     -2698.0269    
       810   1195.7123     -2781.8231      132.14704     -2649.6761     -2957.6493    
       820   1195.3483     -2781.8507      132.10682     -2649.7439     -3043.662     
       830   1185.2283     -2780.8339      130.98837     -2649.8455     -2948.7157    
       840   1169.9774     -2779.314       129.30289     -2650.0111     -2634.9378    
       850   1155.7195     -2777.8512      127.72715     -2650.124      -2355.3867    
       860   1147.0111     -2776.9618      126.76472     -2650.1971     -2026.2111    
       870   1144.7        -2776.7564      126.5093      -2650.2471     -1728.0404    
       880   1147.3746     -2777.0559      126.80488     -2650.251      -1456.8333    
       890   1153.3513     -2777.6013      127.46542     -2650.1359     -1288.1611    
       900   1159.7842     -2778.2797      128.17636     -2650.1033     -1165.356     
       910   1164.0067     -2778.6053      128.64303     -2649.9623     -1082.4444    
       920   1165.1485     -2778.549       128.76921     -2649.7798     -1045.6423    
       930   1165.2548     -2778.2314      128.78095     -2649.4505     -1204.5436    
       940   1167.9447     -2778.1761      129.07824     -2649.0978     -1366.6607    
       950   1174.2161     -2778.4145      129.77133     -2648.6432     -1645.2961    
       960   1183.5786     -2778.9603      130.80605     -2648.1542     -1897.4917    
       970   1194.7988     -2779.6747      132.04608     -2647.6286     -2157.1576    
       980   1206.1319     -2780.2778      133.29859     -2646.9792     -2383.5552    
       990   1214.9282     -2780.6449      134.27074     -2646.3742     -2547.0996    
      1000   1219.4228     -2780.4867      134.76747     -2645.7192     -2548.6175    
      1010   1219.0765     -2779.8739      134.7292      -2645.1447     -2346.2439    
      1020   1214.6216     -2778.8034      134.23685     -2644.5665     -1947.9631    
      1030   1207.9741     -2777.4952      133.50219     -2643.993      -1417.8017    
      1040   1199.5033     -2775.9873      132.56601     -2643.4213     -887.70778    
      1050   1189.7608     -2774.3532      131.4893      -2642.8639     -360.17569    
      1060   1182.053      -2773.0036      130.63745     -2642.3662      67.500554    
      1070   1179.4113     -2772.2219      130.3455      -2641.8764      271.98879    
      1080   1183.6429     -2772.1386      130.81316     -2641.3255      277.22762    
      1090   1193.7519     -2772.7192      131.93038     -2640.7888      28.063772    
      1100   1206.0109     -2773.5399      133.28521     -2640.2547     -412.30143    
      1110   1214.9144     -2774.0496      134.26921     -2639.7804     -856.00598    
      1120   1216.1795     -2773.7761      134.40902     -2639.367      -956.95534    
      1130   1209.8334     -2772.6813      133.70767     -2638.9736     -721.09408    
      1140   1199.4666     -2771.2639      132.56195     -2638.7019     -285.22143    
      1150   1190.7671     -2770.0462      131.60051     -2638.4457      109.49093    
      1160   1186.6063     -2769.3144      131.14067     -2638.1737      282.93193    
      1170   1185.489      -2769.0921      131.01719     -2638.075       205.04587    
      1180   1186.7583     -2769.0609      131.15747     -2637.9035      7.9863048    
      1190   1191.3392     -2769.4105      131.66374     -2637.7467     -185.42105    
      1200   1198.9041     -2770.1011      132.4998      -2637.6013     -306.36601    
      1210   1206.9273     -2770.9015      133.3865      -2637.515      -273.07973    
      1220   1211.8645     -2771.4304      133.93214     -2637.4983     -191.23078    
      1230   1213.8666     -2771.7205      134.15341     -2637.5671     -130.45281    
      1240   1217.0171     -2772.3165      134.5016      -2637.8149     -197.59166    
      1250   1223.8749     -2773.3513      135.2595      -2638.0918     -616.78992    
      1260   1233.0629     -2774.8656      136.27493     -2638.5907     -1269.4158    
      1270   1240.5965     -2776.4855      137.10753     -2639.3779     -1944.6897    
      1280   1241.6377     -2777.6118      137.2226      -2640.3891     -2524.741     
      1290   1232.9359     -2777.9037      136.2609      -2641.6428     -2806.7596    
      1300   1215.1605     -2777.3688      134.29641     -2643.0724     -2831.5009    
      1310   1191.9978     -2776.2786      131.73653     -2644.5421     -2638.1017    
      1320   1168.2362     -2774.9571      129.11046     -2645.8466     -2444.9291    
      1330   1147.7219     -2773.8743      126.84327     -2647.031      -2218.383     
      1340   1131.9308     -2773.046       125.09808     -2647.9479     -2196.8604    
      1350   1121.809      -2772.5954      123.97945     -2648.616      -2252.8139    
      1360   1118.92       -2772.7722      123.66016     -2649.1121     -2406.8158    
      1370   1121.436      -2773.3299      123.93822     -2649.3917     -2664.6951    
      1380   1125.5885     -2773.9601      124.39714     -2649.563      -2786.6121    
      1390   1131.198      -2774.6235      125.01709     -2649.6064     -2810.3559    
      1400   1138.2243     -2775.347       125.79362     -2649.5534     -2837.0084    
      1410   1147.1795     -2776.1876      126.78333     -2649.4043     -2961.9684    
      1420   1156.2301     -2777.0052      127.78357     -2649.2217     -3131.7248    
      1430   1162.5708     -2777.5074      128.48433     -2649.023      -3332.7187    
      1440   1166.3651     -2777.7071      128.90367     -2648.8034     -3388.7436    
      1450   1168.9336     -2777.7222      129.18754     -2648.5347     -3374.8374    
      1460   1171.5787     -2777.7794      129.47986     -2648.2995     -3257.1996    
      1470   1174.3743     -2777.8595      129.78882     -2648.0707     -3151.9088    
      1480   1175.7115     -2777.831       129.93661     -2647.8944     -3062.9948    
      1490   1174.9974     -2777.5127      129.85769     -2647.655      -2939.9922    
      1500   1175.1691     -2777.2493      129.87666     -2647.3726     -2811.6786    
      1510   1178.4604     -2777.3427      130.24041     -2647.1023     -2700.1916    
      1520   1185.1793     -2777.8357      130.98296     -2646.8528     -2588.2634    
      1530   1194.7439     -2778.664       132.04002     -2646.6239     -2450.7358    
      1540   1204.3413     -2779.5654      133.10069     -2646.4647     -2300.7386    
      1550   1209.4239     -2779.9265      133.66242     -2646.2641     -2142.3011    
      1560   1207.4197     -2779.6209      133.44092     -2646.18       -2020.7769    
      1570   1199.103      -2778.6916      132.52178     -2646.1698     -1730.6969    
      1580   1187.8295     -2777.5183      131.27586     -2646.2425     -1422.5402    
      1590   1178.2815     -2776.5762      130.22063     -2646.3556     -1074.6934    
      1600   1175.5003     -2776.3537      129.91327     -2646.4404     -866.58937    
      1610   1179.348      -2777.0008      130.3385      -2646.6623     -708.13258    
      1620   1185.5692     -2777.8929      131.02605     -2646.8669     -610.78661    
      1630   1186.9188     -2778.2881      131.1752      -2647.1129     -496.68589    
      1640   1179.6864     -2777.842       130.3759      -2647.4661     -366.24427    
      1650   1166.2792     -2776.7741      128.89418     -2647.8799     -348.91019    
      1660   1150.4811     -2775.4965      127.14821     -2648.3482     -536.02171    
      1670   1137.294      -2774.5793      125.69081     -2648.8885     -895.60889    
      1680   1132.985      -2774.4823      125.21458     -2649.2677     -1472.0474    
      1690   1139.8213     -2775.6245      125.97011     -2649.6544     -2292.5595    
      1700   1155.2908     -2777.7144      127.67976     -2650.0347     -3297.191     
      1710   1173.4923     -2780.1019      129.69134     -2650.4106     -4249.2499    
      1720   1187.8924     -2782.015       131.28281     -2650.7322     -4878.4306    
      1730   1193.9136     -2783.1768      131.94825     -2651.2285     -5174.6122    
      1740   1189.2201     -2783.2781      131.42955     -2651.8486     -5091.8801    
      1750   1174.7847     -2782.4324      129.83417     -2652.5982     -4695.9395    
      1760   1155.7319     -2781.1004      127.72852     -2653.3719     -4188.1949    
      1770   1139.8216     -2780.1079      125.97014     -2654.1378     -3760.5811    
      1780   1133.5434     -2780.068       125.27629     -2654.7917     -3605.8619    
      1790   1137.3728     -2781.1375      125.69951     -2655.438      -3675.6077    
      1800   1146.1032     -2782.6244      126.66437     -2655.9601     -3845.4282    
      1810   1154.4307     -2784.0297      127.58471     -2656.445      -4091.0341    
      1820   1159.3239     -2784.988       128.1255      -2656.8625     -4297.6213    
      1830   1161.058      -2785.6293      128.31714     -2657.3121     -4511.2739    
      1840   1160.84       -2786.0869      128.29304     -2657.7939     -4820.61      
      1850   1158.9506     -2786.2807      128.08423     -2658.1964     -5069.7579    
      1860   1154.5612     -2786.2307      127.59913     -2658.6316     -5286.6088    
      1870   1146.9842     -2785.7878      126.76174     -2659.026      -5404.2274    
      1880   1137.5716     -2785.109       125.72148     -2659.3875     -5368.1838    
      1890   1128.6733     -2784.394       124.73807     -2659.656      -5180.9361    
      1900   1121.1436     -2783.6854      123.9059      -2659.7795     -4994.0718    
      1910   1115.3893     -2783.1018      123.26996     -2659.8318     -4738.1129    
      1920   1111.6485     -2782.6518      122.85653     -2659.7953     -4485.818     
      1930   1112.4651     -2782.5627      122.94678     -2659.6159     -4392.3141    
      1940   1117.7731     -2782.7995      123.53341     -2659.266      -4378.2882    
      1950   1125.1126     -2783.1179      124.34455     -2658.7734     -4468.2535    
      1960   1131.6325     -2783.1482      125.0651      -2658.0831     -4552.034     
      1970   1137.411      -2782.9404      125.70373     -2657.2367     -4535.2838    
      1980   1145.0036     -2782.7792      126.54285     -2656.2364     -4443.8119    
      1990   1156.0841     -2782.8283      127.76743     -2655.0609     -4326.8095    
      2000   1169.528      -2783.0287      129.25322     -2653.7755     -4144.2173    
      2010   1180.2677     -2782.9946      130.44015     -2652.5544     -3874.5858    
      2020   1183.8598     -2782.1307      130.83713     -2651.2936     -3429.9096    
      2030   1180.2887     -2780.7272      130.44247     -2650.2847     -2879.7167    
      2040   1171.7739     -2778.9288      129.50143     -2649.4274     -2297.0733    
      2050   1163.276      -2777.2565      128.56227     -2648.6942     -1737.0474    
      2060   1159.9222     -2776.27        128.19162     -2648.0784     -1461.5463    
      2070   1163.9946     -2776.2186      128.64169     -2647.5769     -1500.6254    
      2080   1173.7482     -2776.9311      129.71963     -2647.2115     -1805.1201    
      2090   1185.8794     -2777.9393      131.06034     -2646.879      -2246.9753    
      2100   1195.9059     -2778.7474      132.16844     -2646.5789     -2745.8497    
      2110   1201.1787     -2779.1065      132.75118     -2646.3553     -3146.5312    
      2120   1201.0895     -2779.0017      132.74131     -2646.2604     -3308.8179    
      2130   1195.1648     -2778.3063      132.08654     -2646.2198     -3165.8893    
      2140   1183.4404     -2777.0384      130.79079     -2646.2477     -2707.4777    
      2150   1167.7771     -2775.3844      129.05972     -2646.3247     -2110.9425    
      2160   1151.5418     -2773.5371      127.26544     -2646.2717     -1536.9977    
      2170   1139.2692     -2772.192       125.9091      -2646.2829     -1011.9009    
      2180   1133.8641     -2771.4964      125.31174     -2646.1847     -632.55663    
      2190   1134.6489     -2771.4006      125.39847     -2646.0021     -346.76408    
      2200   1139.897      -2771.7047      125.97848     -2645.7262     -164.7391     
      2210   1149.4098     -2772.4191      127.02981     -2645.3893     -69.929939    
      2220   1163.1529     -2773.554       128.54866     -2645.0053     -72.253184    
      2230   1182.0438     -2775.2109      130.63643     -2644.5745     -267.8769     
      2240   1205.2167     -2777.3688      133.19745     -2644.1713     -648.43879    
      2250   1228.1978     -2779.5421      135.73726     -2643.8049     -1088.5201    
      2260   1246.1588     -2781.3312      137.72226     -2643.6089     -1410.0564    
      2270   1255.9929     -2782.3167      138.8091      -2643.5076     -1676.5638    
      2280   1253.3446     -2782.1476      138.51642     -2643.6312     -1614.4755    
      2290   1238.4728     -2780.8019      136.87283     -2643.929      -1460.2617    
      2300   1215.1726     -2778.7217      134.29775     -2644.424      -1159.6899    
      2310   1188.977      -2776.3936      131.40267     -2644.9909     -846.87513    
      2320   1165.9826     -2774.519       128.86139     -2645.6576     -568.21931    
      2330   1149.7088     -2773.3863      127.06285     -2646.3235     -530.27487    
      2340   1140.2112     -2772.9826      126.01321     -2646.9694     -739.01441    
      2350   1137.6074     -2773.2786      125.72544     -2647.5532     -1192.239     
      2360   1142.223      -2774.2975      126.23554     -2648.0619     -1851.0808    
      2370   1151.2948     -2775.9129      127.23814     -2648.6747     -2657.8218    
      2380   1160.0467     -2777.3037      128.20537     -2649.0984     -3390.7607    
      2390   1164.909      -2778.2519      128.74274     -2649.5092     -3936.4988    
      2400   1165.8462     -2778.852       128.84632     -2650.0057     -4213.6678    
      2410   1164.7428     -2779.2599      128.72437     -2650.5355     -4281.6048    
      2420   1163.4894     -2779.6421      128.58585     -2651.0563     -4309.3361    
      2430   1164.5258     -2780.3845      128.70039     -2651.6841     -4361.3219    
      2440   1168.5985     -2781.4878      129.1505      -2652.3373     -4521.6285    
      2450   1174.707      -2782.8817      129.82559     -2653.0561     -4828.593     
      2460   1179.1307     -2784.1116      130.31449     -2653.7971     -5227.1351    
      2470   1177.2265     -2784.7223      130.10404     -2654.6182     -5498.285     
      2480   1166.7353     -2784.4556      128.94458     -2655.511      -5553.3926    
      2490   1151.3091     -2783.68        127.23972     -2656.4403     -5492.6252    
      2500   1138.7745     -2783.2167      125.85442     -2657.3623     -5348.4292    
      2510   1135.0882     -2783.6447      125.44702     -2658.1977     -5287.2654    
      2520   1139.3726     -2784.9308      125.92053     -2659.0103     -5408.5165    
      2530   1145.5892     -2786.3648      126.60757     -2659.7572     -5579.001     
      2540   1147.8722     -2787.2655      126.85988     -2660.4056     -5711.7913    
      2550   1142.9135     -2787.336       126.31186     -2661.0241     -5718.2732    
      2560   1130.5761     -2786.5129      124.94836     -2661.5646     -5550.0409    
      2570   1113.1447     -2785.0111      123.02188     -2661.9892     -5220.4818    
      2580   1095.168      -2783.3059      121.03515     -2662.2708     -4911.0769    
      2590   1081.5459     -2781.8909      119.52966     -2662.3612     -4719.8805    
      2600   1076.2097     -2781.1229      118.93992     -2662.183      -4709.8084    
      2610   1080.9397     -2781.408       119.46268     -2661.9453     -4884.3428    
      2620   1095.6668     -2782.5772      121.09027     -2661.487      -5256.4348    
      2630   1117.1078     -2784.3817      123.45988     -2660.9218     -5740.0232    
      2640   1140.3852     -2786.3041      126.03243     -2660.2716     -6182.0693    
      2650   1160.8316     -2788.0083      128.29211     -2659.7162     -6525.3924    
      2660   1173.8275     -2788.8485      129.72839     -2659.1202     -6753.5815    
      2670   1176.1755     -2788.6099      129.98789     -2658.6221     -6755.099     
      2680   1167.9228     -2787.3202      129.07582     -2658.2444     -6462.1305    
      2690   1152.7782     -2785.343       127.40207     -2657.9409     -6056.6768    
      2700   1137.1776     -2783.425       125.67794     -2657.7471     -5529.8862    
      2710   1126.7955     -2782.0351      124.53053     -2657.5045     -5074.5614    
      2720   1121.9466     -2781.2177      123.99464     -2657.2231     -4757.2502    
      2730   1121.1168     -2780.802       123.90294     -2656.899      -4570.7131    
      2740   1122.1433     -2780.5424      124.01639     -2656.5261     -4418.0953    
      2750   1123.7178     -2780.3526      124.1904      -2656.1622     -4288.4784    
      2760   1127.0739     -2780.2586      124.56131     -2655.6973     -4229.0705    
      2770   1133.9195     -2780.4996      125.31786     -2655.1817     -4265.9221    
      2780   1144.5954     -2781.1556      126.49774     -2654.6578     -4396.1346    
      2790   1157.548      -2781.9867      127.92922     -2654.0575     -4509.4366    
      2800   1170.1013     -2782.7493      129.31659     -2653.4327     -4655.8891    
      2810   1180.7564     -2783.3254      130.49415     -2652.8313     -4844.8151    
      2820   1188.7763     -2783.6627      131.38049     -2652.2822     -4917.8918    
      2830   1192.848      -2783.6136      131.83049     -2651.7831     -4920.6446    
      2840   1190.6457     -2782.9189      131.5871      -2651.3318     -4851.5858    
      2850   1181.7176     -2781.5785      130.60038     -2650.9782     -4682.0896    
      2860   1167.4291     -2779.6036      129.02125     -2650.5823     -4437.1261    
      2870   1150.8633     -2777.4726      127.19044     -2650.2822     -4126.2381    
      2880   1134.843      -2775.2981      125.41993     -2649.8782     -3768.5502    
      2890   1122.32       -2773.4488      124.03592     -2649.4129     -3382.1763    
      2900   1115.5212     -2772.1812      123.28453     -2648.8967     -3057.5001    
      2910   1113.819      -2771.3305      123.0964      -2648.2341     -2847.082     
      2920   1117.0081     -2770.8303      123.44886     -2647.3814     -2829.0588    
      2930   1126.8225     -2771.0013      124.53352     -2646.4678     -2970.6363    
      2940   1144.0182     -2771.9076      126.43394     -2645.4736     -3324.9583    
      2950   1166.6766     -2773.4337      128.93809     -2644.4956     -3862.9897    
      2960   1189.949      -2775.1217      131.5101      -2643.6116     -4317.6178    
      2970   1210.7182     -2776.6068      133.80546     -2642.8013     -4677.9443    
      2980   1227.6416     -2777.8456      135.67579     -2642.1698     -4788.7197    
      2990   1238.0911     -2778.5595      136.83064     -2641.7289     -4589.2159    
      3000   1239.6734     -2778.4593      137.00551     -2641.4538     -4091.3684    
